list(Y=2.500E+01, eff_R=c(4.000E+00, 1.400E+01, 8.000E+00, 6.000E+00, 1.000E+01, 1.200E+01, 6.000E+00, 1.300E+01, 1.200E+01, 1.200E+01, 1.300E+01, 1.100E+01, 1.700E+01, 1.100E+01, 1.100E+01, 7.000E+00, 1.000E+01, 1.000E+01, 8.000E+00, 9.000E+00, 1.300E+01, 1.200E+01, 8.000E+00, 1.000E+01, 5.000E+00), Cm_R= structure(.Data= c(4.000E+00, 0.000E+00, 3.100E+01, 1.000E+00, 4.500E+01, 3.000E+00, 1.900E+01, 0.000E+00, 5.600E+01, 1.000E+00, 1.600E+01, 5.000E+00, 5.000E+00, 0.000E+00, 3.300E+01, 0.000E+00, 3.000E+01, 1.000E+00, 2.800E+01, 5.000E+00, 1.330E+02, 5.000E+00, 6.700E+01, 8.000E+00, 6.200E+01, 6.000E+00, 3.500E+01, 4.000E+00, 2.200E+01, 5.000E+00, 1.300E+01, 5.000E+00, 8.200E+01, 4.000E+00, 2.800E+01, 1.300E+01, 1.400E+01, 4.000E+00, 5.200E+01, 6.000E+00, 4.700E+01, 1.400E+01, 5.000E+01, 7.000E+00, 5.500E+01, 6.000E+00, 1.080E+02, 1.500E+01, 6.000E+00, 2.000E+00), .Dim=c(25, 2)), Cum_R= structure(.Data= c(1.400E+01, 1.000E+00, 2.800E+01, 8.000E+00, 1.400E+01, 6.000E+00, 9.000E+00, 2.000E+00, 1.300E+01, 2.000E+00, 1.100E+01, 6.000E+00, 9.000E+00, 0.000E+00, 1.100E+01, 1.000E+00, 1.200E+01, 4.000E+00, 2.400E+01, 4.000E+00, 6.500E+01, 2.000E+00, 2.000E+01, 7.000E+00, 2.000E+01, 4.000E+00, 1.600E+01, 5.000E+00, 1.200E+01, 9.000E+00, 7.000E+00, 8.000E+00, 3.100E+01, 3.000E+00, 4.000E+00, 7.000E+00, 9.000E+00, 6.000E+00, 2.600E+01, 9.000E+00, 3.300E+01, 7.000E+00, 2.200E+01, 1.300E+01, 3.300E+01, 6.000E+00, 2.400E+01, 6.000E+00, 5.000E+00, 5.000E+00), .Dim=c(25, 2)), Q= structure(.Data= c(2.442E+00, 7.828E+00, 1.213E+00, 4.123E+00, 1.223E+00, 3.924E+00, 1.184E+00, 3.238E+00, 2.017E+00, 6.635E+00, 1.954E+00, 8.144E+00, 2.537E+00, 7.479E+00, 1.839E+00, 8.892E+00, 1.901E+00, 3.722E+00, 8.481E-01, 2.453E+00, 1.512E+00, 3.769E+00, 9.048E-01, 2.895E+00, 9.763E-01, 6.482E+00, 4.078E+00, 4.087E+00, 2.147E+00, 4.828E+00, 1.468E+00, 3.807E+00, 9.465E-01, 5.229E+00, 8.542E-01, 2.327E+00, 3.440E+00, 7.197E+00, 1.670E+00, 6.929E+00, 1.699E+00, 4.918E+00, 1.344E+00, 4.390E+00, 1.419E+00, 5.009E+00, 7.828E-01, 2.544E+00, 1.500E+00, 7.312E+00), .Dim=c(25, 2)), Q_dec=c(6.847E+00, 4.886E+00, 3.773E+00, 6.230E+00, 4.981E+00, 6.659E+00, 3.089E+01, 2.341E+00, 9.712E+00, 2.568E+00, 3.509E+00, 5.683E+00, 1.426E+01, 3.880E+00, 4.773E+00, 1.189E+01, 6.353E+00, 8.337E+00, 1.418E+01, 6.443E+00, 6.457E+00, 4.991E+00, 1.454E+00, 2.619E+00, 8.153E+00), Cm_D= structure(.Data= c(0.000E+00, 0.000E+00, 7.000E+00, 1.100E+01, 2.000E+00, 1.000E+00, 2.000E+00, 6.000E+00, 0.000E+00, 0.000E+00, 0.000E+00, 4.000E+00, 0.000E+00, 2.000E+00, 0.000E+00, 0.000E+00, 0.000E+00, 0.000E+00, 0.000E+00, 1.000E+00, 1.000E+00, 0.000E+00, 2.000E+00, 1.000E+00, 0.000E+00, 0.000E+00, 0.000E+00, 0.000E+00, 0.000E+00, 0.000E+00, 0.000E+00, 0.000E+00, 1.000E+00, 0.000E+00, 1.000E+00, 1.000E+00, 0.000E+00, 1.000E+00, 0.000E+00, 0.000E+00, 0.000E+00, 0.000E+00, 4.000E+00, 0.000E+00, 1.400E+01, 2.000E+00, 2.500E+01, 0.000E+00, 1.000E+00, 1.000E+00), .Dim=c(25, 2)), Cum_D= structure(.Data= c(0.000E+00, 1.000E+00, 0.000E+00, 2.000E+00, 2.000E+00, 2.000E+00, 0.000E+00, 1.000E+00, 0.000E+00, 0.000E+00, 0.000E+00, 2.000E+00, 0.000E+00, 6.000E+00, 0.000E+00, 0.000E+00, 0.000E+00, 0.000E+00, 0.000E+00, 2.000E+00, 1.000E+00, 0.000E+00, 0.000E+00, 0.000E+00, 0.000E+00, 0.000E+00, 0.000E+00, 0.000E+00, 0.000E+00, 0.000E+00, 0.000E+00, 0.000E+00, 1.000E+00, 0.000E+00, 0.000E+00, 1.000E+00, 0.000E+00, 0.000E+00, 0.000E+00, 0.000E+00, 0.000E+00, 0.000E+00, 1.000E+00, 1.000E+00, 6.000E+00, 0.000E+00, 5.000E+00, 1.000E+00, 0.000E+00, 1.000E+00), .Dim=c(25, 2)), C_MP= structure(.Data= c(1.570E+02, 7.000E+00, 5.080E+02, 4.300E+01, 5.070E+02, 3.100E+01, 3.220E+02, 3.800E+01, 4.420E+02, 9.000E+00, 1.670E+02, 4.100E+01, 1.510E+02, 1.100E+01, 2.280E+02, 1.700E+01, 4.200E+02, 7.000E+00, 1.300E+02, 2.600E+01, 7.610E+02, 3.300E+01, 3.350E+02, 7.300E+01, 6.620E+02, 3.900E+01, 3.180E+02, 4.700E+01, 1.900E+02, 2.900E+01, 1.870E+02, 5.400E+01, 5.330E+02, 3.400E+01, 3.070E+02, 1.400E+02, 2.270E+02, 5.600E+01, 3.940E+02, 4.300E+01, 4.330E+02, 7.600E+01, 3.910E+02, 7.200E+01, 3.860E+02, 3.900E+01, 7.620E+02, 9.300E+01, 1.990E+02, 4.400E+01), .Dim=c(25, 2)), Cm_MP= structure(.Data= c(1.560E+02, 7.000E+00, 5.000E+02, 4.200E+01, 5.020E+02, 3.000E+01, 3.200E+02, 3.800E+01, 4.420E+02, 9.000E+00, 1.660E+02, 4.100E+01, 1.510E+02, 1.100E+01, 2.260E+02, 1.700E+01, 4.200E+02, 7.000E+00, 1.300E+02, 2.500E+01, 7.610E+02, 3.300E+01, 3.350E+02, 7.300E+01, 6.610E+02, 3.900E+01, 3.180E+02, 4.700E+01, 1.900E+02, 2.900E+01, 1.870E+02, 5.400E+01, 5.330E+02, 3.400E+01, 3.070E+02, 1.400E+02, 2.270E+02, 5.600E+01, 3.930E+02, 4.300E+01, 4.330E+02, 7.600E+01, 3.910E+02, 7.200E+01, 3.850E+02, 3.900E+01, 7.560E+02, 9.300E+01, 1.990E+02, 4.400E+01), .Dim=c(25, 2)), Cum_MP= structure(.Data= c(0.000E+00, 0.000E+00, 1.000E+00, 0.000E+00, 0.000E+00, 0.000E+00, 0.000E+00, 0.000E+00, 0.000E+00, 0.000E+00, 0.000E+00, 0.000E+00, 0.000E+00, 0.000E+00, 0.000E+00, 0.000E+00, 0.000E+00, 0.000E+00, 0.000E+00, 0.000E+00, 0.000E+00, 0.000E+00, 0.000E+00, 0.000E+00, 0.000E+00, 0.000E+00, 0.000E+00, 0.000E+00, 0.000E+00, 0.000E+00, 0.000E+00, 0.000E+00, 0.000E+00, 0.000E+00, 0.000E+00, 0.000E+00, 0.000E+00, 0.000E+00, 0.000E+00, 0.000E+00, 0.000E+00, 0.000E+00, 0.000E+00, 0.000E+00, 1.000E+00, 0.000E+00, 6.000E+00, 0.000E+00, 0.000E+00, 0.000E+00), .Dim=c(25, 2)), C_F= structure(.Data= c(4.100E+01, 2.000E+01, 7.500E+01, 1.100E+01, 9.200E+01, 1.100E+01, 3.500E+01, 8.000E+00, 7.000E+01, 5.000E+00, 2.500E+01, 7.000E+00, 4.100E+01, 1.000E+01, 3.100E+01, 6.000E+00, 2.400E+01, 1.000E+00), .Dim=c(9, 2)), Cm_F= structure(.Data= c(3.000E+00, 0.000E+00, 3.900E+01, 3.000E+00, 2.500E+01, 0.000E+00, 1.700E+01, 2.000E+00, 5.000E+01, 2.000E+00, 1.600E+01, 0.000E+00, 1.800E+01, 1.000E+00, 1.400E+01, 1.000E+00, 7.000E+00, 0.000E+00, 0.000E+00, 1.000E+00, 6.000E+01, 1.000E+00, 1.700E+01, 1.600E+01, 4.500E+01, 5.000E+00, 3.000E+01, 5.000E+00, 8.000E+00, 2.000E+00, 5.000E+00, 5.000E+00, 3.200E+01, 0.000E+00, 2.100E+01, 5.000E+00, 1.800E+01, 5.000E+00, 1.300E+01, 2.000E+00, 3.800E+01, 4.000E+00, 1.800E+01, 1.000E+01, 9.000E+00, 2.000E+00, 2.000E+01, 8.000E+00, 1.000E+01, 2.000E+00), .Dim=c(25, 2)), Cum_F= structure(.Data= c(1.400E+01, 2.000E+01, 1.000E+01, 2.000E+00, 8.000E+00, 6.000E+00, 7.000E+00, 4.000E+00, 5.000E+00, 3.000E+00, 4.000E+00, 3.000E+00, 1.900E+01, 4.000E+00, 4.000E+00, 3.000E+00, 5.000E+00, 1.000E+00, 0.000E+00, 6.000E+00, 2.600E+01, 9.000E+00, 1.000E+01, 1.000E+01, 2.500E+01, 2.500E+01, 2.000E+01, 7.000E+00, 4.000E+00, 1.200E+01, 0.000E+00, 8.000E+00, 2.600E+01, 3.000E+00, 7.000E+00, 7.000E+00, 1.600E+01, 2.100E+01, 1.600E+01, 5.000E+00, 1.800E+01, 8.000E+00, 3.400E+01, 2.000E+01, 2.400E+01, 8.000E+00, 1.600E+01, 5.000E+00, 4.000E+00, 1.300E+01), .Dim=c(25, 2)))
