list(shape_lambda=4.315E+00, rate_lambda=7.166E-02, lambda_tot0=2.917E+02, a_1.1SW=4.968E+00, a_1.1SW=7.246E-02, a_MSW=c(1.818E-01, 7.260E-03, 1.812E-01, 8.181E-01, 1.240E-01), eta_1=1.980E+00, eta_2=4.994E+00, k_1=9.509E-01, k_2=1.390E+00, logit_p_11_1=c(-1.356E+00, -1.356E+00, -1.356E+00, -1.356E+00, -1.356E+00, -1.356E+00, -1.356E+00, -1.356E+00), logit_pi_EF=c(-1.771E+00, -1.771E+00, -1.771E+00, -1.771E+00, -1.771E+00, -1.771E+00, -1.771E+00, -1.771E+00), mup_11_1=2.100E-01, mup_11_2=1.800E-01, mup_21=4.200E-01, mupi_EF=1.600E-01, mupi_U=c(7.862E-01, 8.203E-01), rho=5.271E-01, precp_11_1=1.000E+00, precp_11_2=1.000E+00, precp_12=c(1.000E+00, 1.000E+00, 1.000E+00, 1.000E+00), precp_21=1.000E+00, precpi_EF=1.000E+00, precpi_U=c(1.000E+00, 1.000E+00), precpi_Ol=1.000E+00, mean_var=5.304E+00, rate_prec=1.832E+00, d_pi_Ol=0.000E+00, d_pi_U=c(0.000E+00, 0.000E+00), logit_pi_Ol=c(  NA,   NA,   NA,   NA,   NA,   NA,   NA,   NA,   NA,   NA,   NA,   NA,   NA,   NA,   NA,   NA, -3.476E+00,   NA,   NA,   NA,   NA,   NA,   NA,   NA,   NA,   NA,   NA,   NA, 1.854E+00, 1.884E+00, 1.915E+00, 1.768E+00, 2.353E+00, 2.595E+00, 2.708E+00, 2.152E+00, 1.609E+00, 2.833E+00), alpha_1=c(2.960E+00, 1.060E+00, 1.070E+00, 6.300E-01, 1.090E+00, 3.100E-01, 3.900E-01, 5.800E-01, 2.100E-01, 7.900E-01, 6.800E-01, 5.600E-01, 5.200E-01, 7.100E-01, 7.200E-01, 4.300E-01, 7.700E-01, 4.800E-01, 1.470E+00, 1.500E+00, 1.390E+00, 1.260E+00, 1.370E+00, 1.240E+00, 1.000E+00, 1.000E+00, 1.000E+00, 1.000E+00, 1.000E+00, 1.000E+00, 1.000E+00, 1.000E+00, 1.000E+00, 1.000E+00, 1.000E+00, 1.000E+00, 1.000E+00, 1.000E+00), alpha_2=c(  NA,   NA,   NA,   NA,   NA,   NA, 8.100E-01, 9.700E-01, 1.180E+00, 2.080E+00, 1.770E+00, 1.220E+00, 1.310E+00, 1.620E+00, 1.500E+00, 1.410E+00, 1.000E+00, 9.300E-01, 2.760E+00, 2.130E+00, 2.440E+00, 1.670E+00, 2.280E+00, 2.220E+00, 1.000E+00, 1.000E+00, 1.000E+00, 1.000E+00, 1.000E+00, 1.000E+00, 1.000E+00, 1.000E+00, 1.000E+00, 1.000E+00, 1.000E+00, 1.000E+00, 1.000E+00, 1.000E+00), e_21= structure(.Data= c(  NA,   NA,   NA,   NA,   NA,   NA,   NA,   NA,   NA,   NA,   NA,   NA,   NA,   NA,   NA,   NA,   NA,   NA,   NA,   NA,   NA,   NA,   NA,   NA, 2.000E+01, 2.300E+01, 1.000E+00, 3.000E+00, 1.900E+01, 1.100E+01, 1.000E+00, 6.000E+00, 3.100E+01, 2.800E+01, 1.000E+00, 7.000E+00, 7.600E+01, 6.700E+01, 1.000E+00, 6.000E+00, 3.900E+01, 3.200E+01, 1.000E+00, 6.000E+00, 3.200E+01, 3.000E+01, 2.000E+00, 3.000E+00, 1.900E+01, 3.800E+01, 1.000E+00, 1.200E+01, 1.000E+01, 2.200E+01, 1.000E+00, 3.000E+00, 2.700E+01, 2.600E+01, 1.000E+00, 4.000E+00, 2.600E+01, 2.600E+01, 3.000E+00, 4.000E+00, 1.900E+01, 1.400E+01,   NA, 3.000E+00, 4.200E+01, 3.000E+01, 1.000E+00, 8.000E+00, 5.500E+01, 6.000E+01, 1.000E+00, 8.000E+00, 1.000E+00, 5.000E+00, 5.000E+00, 1.000E+01, 7.000E+00, 5.000E+00,   NA, 2.000E+00, 1.100E+01, 1.100E+01,   NA, 3.000E+00, 5.000E+00, 3.000E+00, 2.000E+00, 5.000E+00, 1.000E+01, 7.000E+00, 2.000E+00, 3.000E+00, 6.000E+00, 5.000E+00,   NA, 7.000E+00, 1.500E+01, 6.000E+00,   NA, 6.000E+00, 3.000E+01, 2.500E+01, 5.000E+00, 5.000E+00, 5.000E+00, 5.000E+00, 7.000E+00, 8.000E+00, 3.000E+00, 9.000E+00, 1.000E+00, 3.000E+00, 3.000E+00, 9.000E+00, 1.000E+00, 3.000E+00, 3.000E+00, 9.000E+00, 1.000E+00, 3.000E+00, 3.000E+00, 2.000E+00, 1.000E+00, 3.000E+00, 6.000E+00, 4.000E+00, 1.000E+00, 5.000E+00, 1.100E+01, 7.000E+00, 2.000E+00, 4.000E+00, 5.000E+00, 3.000E+00, 2.000E+00, 6.000E+00, 1.600E+01, 4.000E+00, 2.000E+00, 3.000E+00, 6.000E+00, 3.000E+00, 2.000E+00, 6.000E+00, 2.000E+00, 2.000E+00, 2.000E+00, 3.000E+00), .Dim=c(38, 4)), logit_p_11_2=c(  NA,   NA,   NA,   NA,   NA,   NA,   NA,   NA, -1.980E+00, -1.980E+00, -1.980E+00, -1.980E+00, -1.980E+00, -1.980E+00, -1.980E+00, -1.980E+00, -1.980E+00, -1.980E+00, -1.980E+00, -1.980E+00, -1.980E+00, -1.980E+00, -1.980E+00, -1.980E+00, -1.980E+00, -1.980E+00, -1.980E+00, -1.980E+00, -1.980E+00, -1.980E+00, -1.980E+00, -1.980E+00, -1.980E+00, -1.980E+00, -1.980E+00, -1.980E+00, -1.980E+00, -1.980E+00), logit_p_21=c(  NA,   NA,   NA,   NA,   NA,   NA, 2.800E-01, 2.800E-01, 2.800E-01, 2.800E-01, 2.800E-01, 2.800E-01, 2.800E-01, 2.800E-01, 2.800E-01, 2.800E-01, 2.800E-01, 2.800E-01, 2.800E-01, 2.800E-01, 2.800E-01, 2.800E-01, 2.800E-01, 2.800E-01, 2.800E-01, 2.800E-01, 2.800E-01, 2.800E-01, 2.800E-01, 2.800E-01, 2.800E-01, 2.800E-01, 2.800E-01, 2.800E-01, 2.800E-01, 2.800E-01, 2.800E-01, 2.800E-01), logit_pi_U= structure(.Data= c(1.770E+00, 9.800E-01, 1.770E+00, 9.800E-01, 1.770E+00, 9.800E-01, 1.770E+00, 9.800E-01, 1.770E+00, 9.800E-01, 1.770E+00, 9.800E-01, 1.770E+00, 9.800E-01, 1.770E+00, 9.800E-01, 1.770E+00, 9.800E-01, 1.770E+00, 9.800E-01, 1.770E+00, 9.800E-01, 1.770E+00, 9.800E-01, 1.770E+00, 9.800E-01, 1.770E+00, 9.800E-01, 1.770E+00, 9.800E-01, 1.770E+00, 9.800E-01, 1.770E+00, 9.800E-01, 1.770E+00, 9.800E-01, 1.770E+00, 9.800E-01, 1.770E+00, 9.800E-01, 1.770E+00, 9.800E-01, 1.770E+00, 9.800E-01, 1.770E+00, 9.800E-01, 1.770E+00, 9.800E-01, 1.770E+00, 9.800E-01, 1.770E+00, 9.800E-01, 1.770E+00, 9.800E-01, 1.770E+00, 9.800E-01, 1.770E+00, 9.800E-01, 1.770E+00, 9.800E-01, 1.770E+00, 9.800E-01, 1.770E+00, 9.800E-01, 1.770E+00, 9.800E-01, 1.770E+00, 9.800E-01, 1.770E+00, 9.800E-01, 1.770E+00, 9.800E-01, 1.770E+00, 9.800E-01, 1.770E+00, 9.800E-01), .Dim=c(38, 2)), logit_p_n12= structure(.Data= c(  NA,   NA,   NA,   NA,   NA,   NA,   NA,   NA,   NA,   NA,   NA,   NA,   NA,   NA,   NA,   NA,   NA,   NA,   NA,   NA,   NA,   NA,   NA,   NA,   NA,   NA,   NA,   NA,   NA,   NA,   NA,   NA, 7.145E-01, 5.695E-01, 3.750E-01, 3.009E-01, 8.807E-01, 5.645E-01, 3.835E-01, 4.143E-01, 6.828E-01, 4.388E-01, 7.579E-01, 3.558E-01, 9.001E-01, 6.123E-01, 4.701E-01, 2.255E-01, 6.797E-01, 8.035E-01, 5.837E-01, 5.936E-01, 6.256E-01, 7.106E-01, 6.620E-01, 4.649E-01, 6.674E-01, 7.371E-01, 6.386E-01, 5.840E-01, 8.121E-01, 7.681E-01, 6.276E-01, 4.326E-01, 6.753E-01, 6.200E-01, 5.349E-01, 3.694E-01, 8.184E-01, 6.875E-01, 4.171E-01, 5.990E-01, 5.361E-01, 6.362E-01, 4.277E-01, 4.703E-01, 6.011E-01, 6.919E-01, 7.274E-01, 4.548E-01, 4.886E-01, 4.174E-01, 3.246E-01, 3.723E-01, 7.504E-01, 6.154E-01, 5.458E-01, 4.552E-01, 5.781E-01, 5.544E-01, 6.497E-01, 4.266E-01, 7.847E-01, 6.114E-01, 6.467E-01, 4.577E-01, 5.891E-01, 4.394E-01, 3.231E-01, 5.606E-01, 7.605E-01, 6.754E-01, 5.468E-01, 5.673E-01, 7.693E-01, 6.373E-01, 7.643E-01, 5.382E-01, 7.233E-01, 5.082E-01, 8.754E-01, 4.834E-01, 6.227E-01, 6.204E-01, 6.583E-01, 3.513E-01, 5.049E-01, 5.467E-01, 4.616E-01, 6.162E-01, 5.049E-01, 5.467E-01, 4.616E-01, 6.162E-01, 5.049E-01, 5.467E-01, 4.616E-01, 6.162E-01, 5.049E-01, 5.467E-01, 4.616E-01, 6.162E-01, 5.049E-01, 5.467E-01, 4.616E-01, 6.162E-01, 5.049E-01, 5.467E-01, 4.616E-01, 6.162E-01, 5.049E-01, 5.467E-01, 4.616E-01, 6.162E-01, 5.049E-01, 5.467E-01, 4.616E-01, 6.162E-01, 5.049E-01, 5.467E-01, 4.616E-01, 6.162E-01), .Dim=c(38, 4)),