list(lambda_tot0=4.411E+02, logit_effort_R=c(1.772E-01, 1.104E-01), logit_flow_MP=c(-1.568E-01, -1.375E-01), logit_flow_R=c(-3.792E-01, -1.434E-01), logit_int_MP=c(7.415E-01, -4.103E-01), logit_int_R=c(-2.024E+00, -2.162E+00), pi_MP94=c(3.817E-01, 2.390E-01), pi_oD=2.444E-01, rate_lambda=5.839E-02, rho_D=7.759E-01, rho_F=-7.316E-01, s=c(2.223E+01, 5.283E+00), shape_lambda=8.512E+00, sigmapi_D=c(1.093E+00, 1.193E+00), sigmapi_F=2.981E-01, sigmapi_MP=4.410E-01, sigmapi_R=8.872E-01, mupi_F= structure(.Data= c(6.538E-02, 1.096E-01, 1.012E-01, 1.179E-01), .Dim=c(2, 2)), lambda_tot=c(6.720E+02, 1.229E+03, 8.190E+02, 6.260E+02, 6.480E+02, 4.400E+02, 4.520E+02, 4.120E+02, 6.860E+02, 3.720E+02, 1.262E+03, 6.490E+02, 1.016E+03, 6.340E+02, 4.470E+02, 4.840E+02, 8.720E+02, 6.380E+02, 5.600E+02, 7.710E+02, 9.270E+02, 8.320E+02, 7.720E+02, 1.144E+03, 5.960E+02, 2.870E+02, 7.370E+02, 5.260E+02, 2.990E+02, 1.950E+02, 1.460E+02), logit_piD_1SW= structure(.Data= c(-6.420E+00, -6.420E+00, -4.806E+00, -6.893E+00, -5.448E+00, -5.448E+00, -5.110E+00, -6.213E+00, -6.370E+00, -6.370E+00, -5.749E+00, -5.749E+00, -5.994E+00, -5.994E+00, -5.841E+00, -5.841E+00, -6.426E+00, -6.426E+00, -5.642E+00, -5.642E+00, -6.373E+00, -6.373E+00, -5.065E+00, -6.168E+00, -6.813E+00, -6.813E+00, -6.213E+00, -6.213E+00, -5.796E+00, -5.796E+00, -5.756E+00, -5.756E+00, -5.957E+00, -5.957E+00, -5.263E+00, -5.958E+00, -5.984E+00, -5.984E+00, -6.443E+00, -6.443E+00, -6.646E+00, -6.646E+00, -4.782E+00, -5.704E+00, -3.755E+00, -4.530E+00, -3.594E+00, -5.081E+00, -5.301E+00, -5.996E+00, -4.357E+00, -5.464E+00, -5.814E+00, -6.509E+00, -6.084E+00, -6.084E+00, -3.287E+00, -5.398E+00, -3.857E+00, -4.270E+00, -4.554E+00, -4.554E+00), .Dim=c(31, 2)), logit_piD_MSW= structure(.Data= c(-4.025E+00, -3.314E+00, -2.958E+00, -4.382E+00, -4.069E+00, -3.655E+00, -2.833E+00, -4.127E+00, -4.127E+00, -4.127E+00, -3.178E+00, -3.705E+00, -2.752E+00, -1.815E+00, -4.190E+00, -4.190E+00, -4.190E+00, -4.190E+00, -3.773E+00, -3.356E+00, -4.466E+00, -4.466E+00, -4.437E+00, -5.136E+00, -4.644E+00, -4.644E+00, -4.890E+00, -4.890E+00, -4.754E+00, -4.754E+00, -5.112E+00, -5.112E+00, -4.564E+00, -4.564E+00, -4.820E+00, -4.820E+00, -4.382E+00, -5.081E+00, -4.949E+00, -4.949E+00, -5.043E+00, -5.043E+00, -5.434E+00, -4.736E+00, -3.629E+00, -4.745E+00, -5.142E+00, -4.443E+00, -4.559E+00, -4.559E+00, -3.892E+00, -3.892E+00, -4.159E+00, -4.159E+00, -4.443E+00, -4.443E+00, -3.624E+00, -4.331E+00, -3.892E+00, -3.892E+00, -3.892E+00, -3.892E+00), .Dim=c(31, 2)), logit_piF_1SW= structure(.Data= c(-4.620E+00, -2.749E+00, -6.893E+00, -3.828E+00, -2.482E+00, -3.382E+00, -4.595E+00, -4.119E+00, -2.012E+00, -3.109E+00, -4.353E+00, -3.526E+00, -2.950E+00, -3.120E+00, -4.220E+00, -4.220E+00, -2.143E+00, -4.471E+00,   NA,   NA, -2.904E+00, -3.749E+00, -3.241E+00, -3.748E+00, -2.934E+00, -3.527E+00, -2.717E+00, -3.127E+00, -3.574E+00, -4.174E+00, -3.948E+00, -5.756E+00, -3.113E+00, -3.322E+00, -2.812E+00, -3.861E+00, -2.993E+00, -3.110E+00, -3.783E+00, -3.584E+00, -2.932E+00, -3.678E+00, -3.424E+00, -2.785E+00, -4.168E+00, -3.228E+00, -3.813E+00, -4.028E+00, -3.573E+00, -4.377E+00, -3.651E+00, -3.651E+00, -6.509E+00, -6.509E+00, -4.466E+00, -5.389E+00, -5.398E+00, -5.398E+00, -3.562E+00, -3.857E+00, -4.554E+00, -4.554E+00), .Dim=c(31, 2)), logit_piF_MSW= structure(.Data= c(-2.890E+00, -2.584E+00, -2.307E+00, -3.863E+00, -3.655E+00, -2.936E+00, -1.499E+00, -1.668E+00, -2.996E+00, -1.792E+00, -1.386E+00, -2.683E+00, -3.178E+00, -1.992E+00, -1.331E+00, -1.522E+00, -4.190E+00, -3.481E+00, -3.773E+00, -2.461E+00, -3.761E+00, -2.054E+00, -2.204E+00, -2.677E+00, -2.803E+00, -1.111E+00, -3.060E+00, -2.757E+00, -3.638E+00, -2.079E+00, -3.290E+00, -2.865E+00, -4.564E+00, -3.146E+00, -3.705E+00, -3.409E+00, -3.258E+00, -1.851E+00, -3.836E+00, -3.121E+00, -3.408E+00, -2.793E+00, -2.991E+00, -2.298E+00, -3.629E+00, -2.476E+00, -2.897E+00, -3.320E+00, -4.148E+00, -2.548E+00, -2.442E+00, -1.658E+00, -4.159E+00, -2.286E+00, -4.443E+00, -3.738E+00, -3.205E+00, -2.022E+00, -3.892E+00, -3.892E+00, -3.892E+00, -3.892E+00), .Dim=c(31, 2)), logit_pi_MP= structure(.Data= c(-1.079E+00, -1.966E+00, 2.840E-02, -1.566E+00, 9.303E-01, -1.087E+00, 5.754E-01, -8.398E-01, 1.128E+00, -1.792E+00, 1.080E-01, -7.172E-01, -5.082E-01, -1.266E+00, 6.414E-01, -1.079E+00, 7.469E-01, -2.148E+00, -1.629E-01, -9.400E-01, 6.112E-01, -5.108E-01, 8.513E-01, -2.945E-01, 9.723E-01, -5.261E-01, 5.580E-01, -6.158E-01, 3.054E-01, -1.110E+00, 3.636E-01, -7.384E-01, 7.896E-01, -6.168E-01, 1.332E+00, 2.412E-01, 2.833E-01, -6.381E-01, 5.100E-01, -8.339E-01, 2.477E-01, -5.129E-02, 6.168E-01, -7.859E-01, 3.511E-01, -6.802E-01, 1.253E+00, 1.632E-01, -2.482E-02, -1.220E+00, 7.507E-01, -3.228E-01, -3.795E-01, -2.485E+00, 4.818E-01, -1.819E+00, 3.272E-01, 9.163E-01, 6.419E-01, -4.895E-01, -8.338E-02, -3.178E+00), .Dim=c(31, 2)), logit_pi_R= structure(.Data= c(-3.618E+00, -1.500E+00, -2.613E+00, -3.296E+00, -2.257E+00, -2.159E+00, -2.697E+00, -1.500E+00, -1.792E+00, -1.792E+00, -2.125E+00, -1.856E+00, -3.243E+00, -1.500E+00, -1.691E+00, -1.500E+00, -2.547E+00, -1.792E+00, -1.293E+00, -1.281E+00, -1.450E+00, -1.686E+00, -1.313E+00, -1.792E+00, -2.190E+00, -1.540E+00, -1.978E+00, -2.251E+00, -1.984E+00, -1.482E+00, -2.565E+00, -2.175E+00, -1.629E+00, -2.015E+00, -2.217E+00, -2.231E+00, -2.634E+00, -2.442E+00, -1.842E+00, -1.764E+00, -2.002E+00, -1.421E+00, -1.853E+00, -2.061E+00, -1.720E+00, -1.576E+00, -1.720E+00, -1.540E+00, -3.114E+00, -2.539E+00, -3.395E+00, -1.500E+00, -3.266E+00, -1.386E+00, -1.424E+00, -1.099E+00, -3.153E+00, -3.932E+00), .Dim=c(29, 2)), m_D= structure(.Data= c(0.000E+00, 0.000E+00, 7.000E+00, 1.100E+01, 2.000E+00, 1.000E+00, 2.000E+00, 6.000E+00, 0.000E+00, 0.000E+00, 0.000E+00, 4.000E+00, 0.000E+00, 2.000E+00, 0.000E+00, 0.000E+00, 0.000E+00, 0.000E+00, 0.000E+00, 1.000E+00, 1.000E+00, 0.000E+00, 2.000E+00, 1.000E+00, 0.000E+00, 0.000E+00, 0.000E+00, 0.000E+00, 0.000E+00, 0.000E+00, 0.000E+00, 0.000E+00, 1.000E+00, 0.000E+00, 1.000E+00, 1.000E+00, 0.000E+00, 1.000E+00, 0.000E+00, 0.000E+00, 0.000E+00, 0.000E+00, 4.000E+00, 0.000E+00, 1.400E+01, 2.000E+00, 2.500E+01, 0.000E+00, 1.000E+00, 1.000E+00, 2.000E+00, 0.000E+00, 1.000E+00, 0.000E+00, 0.000E+00, 0.000E+00, 7.000E+00, 1.000E+00, 2.000E+00, 0.000E+00, 0.000E+00, 0.000E+00), .Dim=c(31, 2)), n= structure(.Data= c(6.150E+02, 5.700E+01, 9.860E+02, 2.430E+02, 7.000E+02, 1.190E+02, 5.000E+02, 1.260E+02, 5.850E+02, 6.300E+01, 3.150E+02, 1.250E+02, 4.020E+02, 5.000E+01, 3.450E+02, 6.700E+01, 6.190E+02, 6.700E+01, 2.830E+02, 8.900E+01, 1.174E+03, 8.800E+01, 4.780E+02, 1.710E+02, 9.110E+02, 1.050E+02, 5.000E+02, 1.340E+02, 3.300E+02, 1.170E+02, 3.170E+02, 1.670E+02, 7.750E+02, 9.700E+01, 3.880E+02, 2.500E+02, 3.980E+02, 1.620E+02, 6.290E+02, 1.420E+02, 7.710E+02, 1.560E+02, 6.020E+02, 2.300E+02, 6.560E+02, 1.160E+02, 9.720E+02, 1.720E+02, 4.030E+02, 1.930E+02, 2.370E+02, 5.000E+01, 6.720E+02, 6.500E+01, 4.400E+02, 8.600E+01, 2.220E+02, 7.700E+01, 1.450E+02, 5.000E+01, 9.600E+01, 5.000E+01), .Dim=c(31, 2)), um_D= structure(.Data= c(0.000E+00, 1.000E+00, 0.000E+00, 2.000E+00, 2.000E+00, 2.000E+00, 0.000E+00, 1.000E+00, 0.000E+00, 0.000E+00, 0.000E+00, 2.000E+00, 0.000E+00, 6.000E+00, 0.000E+00, 0.000E+00, 0.000E+00, 0.000E+00, 0.000E+00, 2.000E+00, 1.000E+00, 0.000E+00, 0.000E+00, 0.000E+00, 0.000E+00, 0.000E+00, 0.000E+00, 0.000E+00, 0.000E+00, 0.000E+00, 0.000E+00, 0.000E+00, 1.000E+00, 0.000E+00, 0.000E+00, 1.000E+00, 0.000E+00, 0.000E+00, 0.000E+00, 0.000E+00, 0.000E+00, 0.000E+00, 1.000E+00, 1.000E+00, 6.000E+00, 0.000E+00, 5.000E+00, 1.000E+00, 0.000E+00, 1.000E+00, 0.000E+00, 0.000E+00, 0.000E+00, 0.000E+00, 0.000E+00, 0.000E+00, 0.000E+00, 0.000E+00, 1.000E+00, 0.000E+00, 0.000E+00, 0.000E+00), .Dim=c(31, 2)),