list(Nyears=2.20000E+01, C_ML=c(    NA,     NA, 4.97400E+03, 9.50000E+02, 4.05000E+02, 6.45000E+02, 1.25300E+03, 4.69000E+02, 5.10900E+03, 4.21000E+03, 3.68400E+03, 1.36500E+03, 2.50400E+03, 1.70000E+03, 2.59200E+03, 3.63800E+03, 1.80700E+03, 1.01500E+03, 3.93000E+02, 2.37200E+03, 1.47800E+03, 3.20300E+03), Cm_ML=c(4.58000E+02, 2.79000E+02, 3.31800E+03, 9.23000E+02, 3.79000E+02, 7.64000E+02, 1.43100E+03, 4.65000E+02, 4.22600E+03, 3.94400E+03, 3.42800E+03, 1.33600E+03, 2.47600E+03, 1.69200E+03, 2.58200E+03, 3.51900E+03, 1.78700E+03, 9.47000E+02, 3.65000E+02, 2.35100E+03, 1.29100E+03, 3.20400E+03), Cum_ML=c(    NA,     NA, 1.65600E+03, 2.70000E+01, 2.60000E+01, 1.20000E+01, 1.14000E+02, 4.00000E+00, 8.83000E+02, 2.66000E+02, 2.56000E+02, 2.90000E+01, 2.80000E+01, 8.00000E+00, 1.00000E+01, 1.19000E+02, 2.00000E+01, 6.80000E+01, 2.80000E+01, 2.10000E+01, 1.86000E+02, 1.00000E+00), D_ML=c(    NA,     NA, 6.00000E+00, 3.00000E+00, 1.00000E+00, 2.00000E+00, 2.00000E+00, 1.00000E+00, 2.80000E+01, 3.30000E+01, 2.60000E+01, 6.00000E+00, 1.30000E+01, 4.00000E+00, 7.00000E+00, 2.30000E+01, 1.40000E+01, 6.70000E+01, 1.00000E+00, 1.70000E+01, 2.00000E+00, 2.00000E+00), Cm_MP=c(4.30000E+01, 5.00000E+01, 7.06000E+02, 1.30000E+02, 9.70000E+01, 1.06000E+02, 2.10000E+02, 1.20000E+02, 1.02700E+03, 8.61000E+02, 9.04000E+02, 1.99000E+02, 4.03000E+02, 1.96000E+02, 3.30000E+02, 3.21000E+02, 1.18000E+02, 7.70000E+01, 2.90000E+01, 2.25000E+02, 1.17000E+02, 3.93000E+02), Cum_MP=c(    NA,     NA, 1.41500E+03, 5.49000E+02, 5.47000E+02, 3.27000E+02, 1.58200E+03, 1.95000E+02, 1.43300E+03, 8.48000E+02, 1.93300E+03, 8.63000E+02, 8.24000E+02, 1.04000E+03, 1.43900E+03, 6.42000E+02, 4.84000E+02, 6.08000E+02, 6.98000E+02, 7.66000E+02, 4.88000E+02, 8.05000E+02), D_MP=c(4.00000E+00, 1.20000E+01, 2.20000E+01, 1.10000E+02, 2.00000E+01, 1.50000E+01, 1.79000E+02, 1.00000E+01, 8.00000E+00, 1.90000E+01, 5.00000E+00, 2.50000E+01, 6.00000E+00, 2.30000E+01, 2.60000E+01, 8.00000E+00, 1.00000E+00, 3.60000E+01, 1.00000E+00, 2.50000E+01, 1.30000E+01, 2.00000E+00), C_MP=c(5.94000E+02, 3.36000E+02), Q= structure(.Data= c(4.93025E+00,     NA, 3.95475E+00,     NA, 3.41075E+00, 3.41075E+00, 7.71700E+00, 7.71700E+00, 9.44700E+00, 8.41871E+00, 7.52925E+00, 7.10432E+00, 1.12647E+01, 1.03169E+01, 3.97675E+00, 3.97675E+00, 2.63850E+00, 2.63850E+00, 4.53025E+00, 4.53025E+00, 3.05500E+00, 3.05500E+00, 8.19250E+00, 7.55789E+00, 4.46450E+00, 4.46450E+00, 4.79050E+00, 4.79050E+00, 4.35475E+00, 4.35475E+00, 6.57075E+00, 6.57075E+00, 2.88925E+00, 2.88925E+00, 6.73475E+00, 4.86147E+00, 8.42950E+00, 7.87053E+00, 5.70250E+00, 5.70250E+00, 4.77675E+00, 4.77675E+00, 6.14375E+00, 6.14375E+00), .Dim=c(22, 2)))
