list(logit_int=c(1.00000E+00, 1.00000E+00), logit_flow=c(1.00000E+00, 1.00000E+00), sigmap=c(7.35700E-01, 4.22500E-01), rho=3.00000E-01, l_ML_dim=1.13600E-02, junk=-1.10000E+00, rate_lambda=1.57400E-04, shape_lambda=1.68800E+00, Ntot=c(6.32600E+03, 1.87400E+03, 9.96800E+03, 4.82000E+03, 2.51600E+03, 3.12000E+03, 1.22100E+04, 1.22000E+03, 1.01200E+04, 7.82800E+03, 1.07600E+04, 7.12900E+03, 7.53800E+03, 1.06700E+04, 1.38400E+04, 1.05600E+04, 9.11600E+03, 8.42400E+03, 9.15000E+03, 1.03500E+04, 6.67500E+03, 9.76600E+03), lambda=c(6.32600E+03, 1.87400E+03, 9.96800E+03, 4.82000E+03, 2.51600E+03, 3.12000E+03, 1.22100E+04, 1.22000E+03, 1.01200E+04, 7.82800E+03, 1.07600E+04, 7.12900E+03, 7.53800E+03, 1.06700E+04, 1.38400E+04, 1.05600E+04, 9.11600E+03, 8.42400E+03, 9.15000E+03, 1.03500E+04, 6.67500E+03, 9.76600E+03), logit_pi= structure(.Data= c(-2.26700E+00,     NA, -1.52200E+00,     NA, -1.30800E+00, -4.01300E-03, -1.80800E+00, -1.40500E+00, -1.06700E+00, -1.65100E+00, -1.82600E+00, -1.34500E+00, -1.76000E+00, -2.16900E+00, -1.05600E+00, -4.70800E-01, -1.13600E+00, 1.89700E-02, -1.27600E+00, 1.51500E-01, -1.02700E+00, -6.52400E-01, -1.74300E+00, -1.44000E+00, -1.63800E+00, -6.98300E-01, -2.03200E+00, -1.66300E+00, -1.92000E+00, -1.46800E+00, -2.29900E+00, -6.42800E-01, -2.64900E+00, -1.39700E+00, -2.42500E+00, -1.98800E+00, -2.45000E+00, -3.10400E+00, -2.24600E+00, -1.21300E+00, -2.30600E+00, -1.25700E+00, -1.96700E+00, -7.17400E-01), .Dim=c(22, 2)))
