list(Y=3.900E+01, Q2pic=c(6.466E+03, 5.326E+03, 5.402E+03, 8.411E+03, 5.944E+03, 4.930E+03, 4.399E+03, 4.510E+03, 6.261E+03, 6.037E+03, 6.168E+03, 5.038E+03, 4.073E+03, 4.340E+03, 6.523E+03, 5.206E+03, 9.597E+03, 8.616E+03, 7.456E+03, 5.325E+03, 4.622E+03, 4.770E+03, 4.762E+03, 5.715E+03, 7.378E+03, 5.545E+03, 5.962E+03, 4.415E+03, 7.026E+03, 8.210E+03, 6.952E+03, 6.002E+03, 6.428E+03, 5.648E+03, 6.050E+03, 5.569E+03, 5.864E+03, 5.332E+03, 4.781E+03), Cm_B= structure(.Data= c(6.000E+00, 0.000E+00, 2.000E+01, 1.000E+00, 9.000E+00, 1.000E+00, 6.000E+00, 3.000E+00, 0.000E+00, 1.000E+00,   NA,   NA, 2.000E+00, 0.000E+00, 7.000E+00, 0.000E+00, 5.000E+00, 2.000E+00,   NA,   NA, 1.000E+00, 0.000E+00, 2.000E+00, 1.000E+00, 3.000E+00, 3.000E+00, 1.000E+00, 0.000E+00, 8.000E+00, 2.000E+00, 1.000E+00, 0.000E+00,   NA,   NA,   NA,   NA, 1.300E+01, 5.000E+00, 0.000E+00, 1.000E+00, 1.100E+01, 2.000E+00, 3.700E+01, 2.000E+00, 1.300E+01, 3.000E+00, 1.000E+00, 0.000E+00, 5.000E+00, 0.000E+00, 1.200E+01, 4.000E+00, 1.000E+01, 2.000E+00, 1.500E+01, 1.000E+00, 7.000E+00, 1.000E+00, 5.000E+00, 0.000E+00, 1.200E+01, 2.000E+00, 7.000E+00, 1.000E+00, 9.000E+00, 2.000E+00, 7.000E+00, 2.000E+00, 1.000E+00, 1.000E+00, 7.000E+00, 1.000E+00, 4.000E+00, 1.000E+00, 1.000E+00, 1.000E+00, 4.000E+00, 2.000E+00), .Dim=c(39, 2)), Cum_B= structure(.Data= c(2.000E+00, 1.000E+00, 4.000E+00, 0.000E+00, 5.000E+00, 1.000E+00, 3.000E+00, 1.000E+00, 1.000E+00, 0.000E+00,   NA,   NA, 1.000E+00, 0.000E+00, 3.000E+00, 0.000E+00, 0.000E+00, 0.000E+00,   NA,   NA, 1.000E+00, 1.000E+00, 1.500E+01, 0.000E+00, 3.000E+00, 2.000E+00, 0.000E+00, 0.000E+00, 4.000E+00, 1.000E+00, 1.000E+00, 5.000E+00,   NA,   NA,   NA,   NA, 1.200E+01, 4.000E+00, 0.000E+00, 0.000E+00, 7.000E+00, 1.000E+00, 2.400E+01, 3.000E+00, 6.000E+00, 6.000E+00, 5.000E+00, 0.000E+00, 4.000E+00, 1.000E+00, 1.000E+00, 0.000E+00, 3.000E+00, 3.000E+00, 0.000E+00, 0.000E+00, 2.000E+00, 0.000E+00, 3.000E+00, 3.000E+00, 0.000E+00, 2.000E+00, 4.000E+00, 0.000E+00, 1.200E+01, 0.000E+00, 1.000E+00, 1.000E+00, 1.000E+00, 2.000E+00, 8.000E+00, 2.000E+00, 5.000E+00, 0.000E+00, 2.000E+00, 1.000E+00, 2.000E+00, 1.000E+00), .Dim=c(39, 2)), C_Eu= structure(.Data= c(4.300E+01, 2.600E+01, 7.800E+01, 1.900E+01, 1.190E+02, 1.900E+01, 9.800E+01, 2.500E+01, 5.300E+01, 1.200E+01, 1.210E+02, 2.000E+01, 5.000E+01, 3.300E+01, 1.180E+02, 1.900E+01, 1.230E+02, 3.500E+01, 3.300E+01, 1.600E+01, 2.600E+01, 5.000E+00, 2.300E+01, 1.000E+00, 1.800E+01, 1.600E+01, 2.400E+01, 1.000E+01, 1.770E+02, 1.000E+01, 1.200E+01, 1.300E+01, 7.000E+00, 4.000E+00, 8.000E+00, 1.000E+00, 5.600E+01, 1.300E+01, 1.300E+01, 1.000E+01, 4.500E+01, 9.000E+00, 1.590E+02, 3.000E+01, 7.300E+01, 6.600E+01, 3.100E+01, 1.300E+01, 7.800E+01, 3.000E+00, 7.100E+01, 3.400E+01, 1.050E+02, 2.400E+01, 1.230E+02, 2.400E+01, 9.700E+01, 2.400E+01, 9.300E+01, 4.200E+01, 6.400E+01, 2.800E+01, 1.060E+02, 3.300E+01, 1.160E+02, 1.500E+01, 2.820E+02, 4.500E+01, 7.500E+01, 2.800E+01, 7.400E+01, 1.200E+01, 1.380E+02, 1.900E+01, 6.400E+01, 1.000E+01, 1.900E+01, 2.000E+01), .Dim=c(39, 2)), Cm_Eu= structure(.Data= c(4.300E+01, 2.500E+01, 7.800E+01, 1.900E+01, 1.190E+02, 1.900E+01, 9.700E+01, 2.500E+01, 5.300E+01, 1.200E+01, 1.210E+02, 2.000E+01, 5.000E+01, 3.300E+01, 1.180E+02, 1.800E+01, 1.220E+02, 3.500E+01, 3.300E+01, 1.600E+01, 2.600E+01, 5.000E+00, 2.300E+01, 1.000E+00, 1.800E+01, 1.600E+01, 2.400E+01, 1.000E+01, 1.770E+02, 1.000E+01, 1.200E+01, 1.300E+01, 7.000E+00, 4.000E+00, 8.000E+00, 1.000E+00, 5.600E+01, 1.300E+01, 1.300E+01, 1.000E+01, 4.500E+01, 9.000E+00, 1.580E+02, 3.000E+01, 7.300E+01, 6.600E+01, 3.100E+01, 1.300E+01, 7.800E+01, 3.000E+00, 6.900E+01, 3.400E+01, 1.050E+02, 2.400E+01, 1.230E+02, 2.400E+01, 9.700E+01, 2.400E+01, 9.300E+01, 4.200E+01, 6.400E+01, 2.800E+01, 1.060E+02, 3.300E+01, 1.160E+02, 1.500E+01, 2.820E+02, 4.500E+01, 7.500E+01, 2.800E+01, 7.400E+01, 1.200E+01, 1.380E+02, 1.900E+01, 6.400E+01, 1.000E+01, 1.900E+01, 2.000E+01), .Dim=c(39, 2)), logQ= structure(.Data= c(8.676E+00, 8.842E+00, 8.772E+00, 8.963E+00, 8.646E+00, 8.874E+00, 8.861E+00, 9.010E+00, 8.892E+00, 9.199E+00, 8.716E+00, 8.947E+00, 8.396E+00, 8.602E+00, 8.483E+00, 8.609E+00, 8.484E+00, 8.553E+00, 8.583E+00, 8.719E+00, 8.943E+00, 9.244E+00, 8.787E+00, 9.158E+00, 8.273E+00, 8.380E+00, 8.323E+00, 8.441E+00, 8.485E+00, 8.571E+00, 8.712E+00, 8.991E+00, 8.977E+00, 9.209E+00, 9.173E+00, 9.514E+00, 8.965E+00, 9.225E+00, 8.745E+00, 8.952E+00, 8.586E+00, 8.594E+00, 8.517E+00, 8.563E+00, 8.540E+00, 8.605E+00, 8.721E+00, 8.723E+00, 8.951E+00, 9.123E+00, 8.661E+00, 8.829E+00, 8.653E+00, 8.863E+00, 8.457E+00, 8.525E+00, 8.781E+00, 8.888E+00, 8.854E+00, 9.042E+00, 8.976E+00, 9.095E+00, 8.758E+00, 8.934E+00, 8.956E+00, 9.045E+00, 8.435E+00, 8.600E+00, 8.844E+00, 9.072E+00, 8.503E+00, 8.721E+00, 8.729E+00, 8.987E+00, 8.791E+00, 8.905E+00, 8.416E+00, 8.677E+00), .Dim=c(39, 2)), stlogQ= structure(.Data= c(-8.166E-02, -9.268E-02, 3.767E-01, 3.711E-01, -2.238E-01, 2.749E-02, 8.033E-01, 5.498E-01, 9.515E-01, 1.278E+00, 1.089E-01, 3.103E-01, -1.412E+00, -1.016E+00, -9.982E-01, -9.891E-01, -9.972E-01, -1.206E+00, -5.248E-01, -5.692E-01, 1.191E+00, 1.452E+00, 4.473E-01, 1.121E+00, -1.999E+00, -1.870E+00, -1.760E+00, -1.637E+00, -9.919E-01, -1.137E+00, 9.134E-02, 4.802E-01, 1.356E+00, 1.317E+00, 2.291E+00, 2.489E+00, 1.296E+00, 1.379E+00, 2.468E-01, 3.296E-01, -5.103E-01, -1.047E+00, -8.385E-01, -1.169E+00, -7.303E-01, -1.005E+00, 1.344E-01, -5.510E-01, 1.230E+00, 9.856E-01, -1.517E-01, -1.430E-01, -1.915E-01, -1.366E-02, -1.125E+00, -1.314E+00, 4.199E-01, 8.053E-02, 7.704E-01, 6.749E-01, 1.348E+00, 8.794E-01, 3.091E-01, 2.602E-01, 1.255E+00, 6.865E-01, -1.228E+00, -1.025E+00, 7.199E-01, 7.913E-01, -9.061E-01, -5.609E-01, 1.721E-01, 4.634E-01, 4.686E-01, 1.479E-01, -1.318E+00, -7.306E-01), .Dim=c(39, 2)), lQ2pic=c(8.774E+00, 8.580E+00, 8.594E+00, 9.037E+00, 8.690E+00, 8.503E+00, 8.389E+00, 8.414E+00, 8.742E+00, 8.706E+00, 8.727E+00, 8.525E+00, 8.312E+00, 8.376E+00, 8.783E+00, 8.558E+00, 9.169E+00, 9.061E+00, 8.917E+00, 8.580E+00, 8.439E+00, 8.470E+00, 8.468E+00, 8.651E+00, 8.906E+00, 8.621E+00, 8.693E+00, 8.393E+00, 8.857E+00, 9.013E+00, 8.847E+00, 8.700E+00, 8.768E+00, 8.639E+00, 8.708E+00, 8.625E+00, 8.677E+00, 8.581E+00, 8.472E+00), stlQ2pic=c(5.306E-01, -4.175E-01, -3.488E-01, 1.816E+00, 1.186E-01, -7.956E-01, -1.352E+00, -1.231E+00, 3.725E-01, 1.949E-01, 2.998E-01, -6.895E-01, -1.729E+00, -1.419E+00, 5.734E-01, -5.290E-01, 2.461E+00, 1.934E+00, 1.227E+00, -4.190E-01, -1.111E+00, -9.564E-01, -9.653E-01, -7.355E-02, 1.175E+00, -2.212E-01, 1.338E-01, -1.335E+00, 9.363E-01, 1.698E+00, 8.849E-01, 1.663E-01, 5.019E-01, -1.310E-01, 2.054E-01, -2.000E-01, 5.258E-02, -4.125E-01, -9.454E-01),