list(Y=4.100E+01, Q2pic=c(6.466E+03, 5.326E+03, 5.402E+03, 8.411E+03, 5.944E+03, 4.930E+03, 4.399E+03, 4.510E+03, 6.261E+03, 6.037E+03, 6.168E+03, 5.038E+03, 4.073E+03, 4.340E+03, 6.523E+03, 5.206E+03, 9.597E+03, 8.616E+03, 7.456E+03, 5.325E+03, 4.622E+03, 4.770E+03, 4.762E+03, 5.715E+03, 7.378E+03, 5.545E+03, 5.962E+03, 4.415E+03, 7.026E+03, 8.210E+03, 6.952E+03, 6.002E+03, 6.428E+03, 5.648E+03, 6.050E+03, 5.569E+03, 5.864E+03, 5.332E+03, 4.781E+03, 6.944E+03, 6.982E+03), Cm_B= structure(.Data= c(6.000E+00, 0.000E+00, 2.000E+01, 1.000E+00, 9.000E+00, 1.000E+00, 6.000E+00, 3.000E+00, 0.000E+00, 1.000E+00,   NA,   NA, 2.000E+00, 0.000E+00, 7.000E+00, 0.000E+00, 5.000E+00, 2.000E+00,   NA,   NA, 1.000E+00, 0.000E+00, 2.000E+00, 1.000E+00, 3.000E+00, 3.000E+00, 1.000E+00, 0.000E+00, 8.000E+00, 2.000E+00, 1.000E+00, 0.000E+00,   NA,   NA,   NA,   NA, 1.300E+01, 5.000E+00, 0.000E+00, 1.000E+00, 1.100E+01, 2.000E+00, 3.700E+01, 2.000E+00, 1.300E+01, 3.000E+00, 1.000E+00, 0.000E+00, 5.000E+00, 0.000E+00, 1.200E+01, 4.000E+00, 1.000E+01, 2.000E+00, 1.500E+01, 1.000E+00, 7.000E+00, 1.000E+00, 5.000E+00, 0.000E+00, 1.200E+01, 2.000E+00, 7.000E+00, 1.000E+00, 9.000E+00, 2.000E+00, 7.000E+00, 2.000E+00, 1.000E+00, 1.000E+00, 7.000E+00, 1.000E+00, 4.000E+00, 1.000E+00, 1.000E+00, 1.000E+00, 4.000E+00, 2.000E+00, 1.000E+00, 0.000E+00, 1.000E+00, 0.000E+00), .Dim=c(41, 2)), Cum_B= structure(.Data= c(2.000E+00, 1.000E+00, 4.000E+00, 0.000E+00, 5.000E+00, 1.000E+00, 3.000E+00, 1.000E+00, 1.000E+00, 0.000E+00,   NA,   NA, 1.000E+00, 0.000E+00, 3.000E+00, 0.000E+00, 0.000E+00, 0.000E+00,   NA,   NA, 1.000E+00, 1.000E+00, 1.500E+01, 0.000E+00, 3.000E+00, 2.000E+00, 0.000E+00, 0.000E+00, 4.000E+00, 1.000E+00, 1.000E+00, 5.000E+00,   NA,   NA,   NA,   NA, 1.200E+01, 4.000E+00, 0.000E+00, 0.000E+00, 7.000E+00, 1.000E+00, 2.400E+01, 3.000E+00, 6.000E+00, 6.000E+00, 5.000E+00, 0.000E+00, 4.000E+00, 1.000E+00, 1.000E+00, 0.000E+00, 3.000E+00, 3.000E+00, 0.000E+00, 0.000E+00, 2.000E+00, 0.000E+00, 3.000E+00, 3.000E+00, 0.000E+00, 2.000E+00, 4.000E+00, 0.000E+00, 1.200E+01, 0.000E+00, 1.000E+00, 1.000E+00, 1.000E+00, 2.000E+00, 8.000E+00, 2.000E+00, 5.000E+00, 0.000E+00, 2.000E+00, 1.000E+00, 2.000E+00, 1.000E+00, 2.000E+00, 3.000E+00, 2.000E+00, 0.000E+00), .Dim=c(41, 2)), C_Eu= structure(.Data= c(4.300E+01, 2.600E+01, 7.800E+01, 1.900E+01, 1.190E+02, 1.900E+01, 9.800E+01, 2.500E+01, 5.300E+01, 1.200E+01, 1.210E+02, 2.000E+01, 5.000E+01, 3.300E+01, 1.180E+02, 1.900E+01, 1.230E+02, 3.500E+01, 3.300E+01, 1.600E+01, 2.600E+01, 5.000E+00, 2.300E+01, 1.000E+00, 1.800E+01, 1.600E+01, 2.400E+01, 1.000E+01, 1.770E+02, 1.000E+01, 1.200E+01, 1.300E+01, 7.000E+00, 4.000E+00, 8.000E+00, 1.000E+00, 5.600E+01, 1.300E+01, 1.300E+01, 1.000E+01, 4.500E+01, 9.000E+00, 1.590E+02, 3.000E+01, 7.300E+01, 6.600E+01, 3.100E+01, 1.300E+01, 7.800E+01, 3.000E+00, 7.100E+01, 3.400E+01, 1.050E+02, 2.400E+01, 1.230E+02, 2.400E+01, 9.700E+01, 2.400E+01, 9.300E+01, 4.200E+01, 6.400E+01, 2.800E+01, 1.060E+02, 3.300E+01, 1.160E+02, 1.500E+01, 2.820E+02, 4.500E+01, 7.500E+01, 2.800E+01, 7.400E+01, 1.200E+01, 1.380E+02, 1.900E+01, 6.400E+01, 1.000E+01, 1.900E+01, 2.000E+01, 1.200E+01, 8.000E+00, 1.300E+01, 1.000E+00), .Dim=c(41, 2)), Cm_Eu= structure(.Data= c(4.300E+01, 2.500E+01, 7.800E+01, 1.900E+01, 1.190E+02, 1.900E+01, 9.700E+01, 2.500E+01, 5.300E+01, 1.200E+01, 1.210E+02, 2.000E+01, 5.000E+01, 3.300E+01, 1.180E+02, 1.800E+01, 1.220E+02, 3.500E+01, 3.300E+01, 1.600E+01, 2.600E+01, 5.000E+00, 2.300E+01, 1.000E+00, 1.800E+01, 1.600E+01, 2.400E+01, 1.000E+01, 1.770E+02, 1.000E+01, 1.200E+01, 1.300E+01, 7.000E+00, 4.000E+00, 8.000E+00, 1.000E+00, 5.600E+01, 1.300E+01, 1.300E+01, 1.000E+01, 4.500E+01, 9.000E+00, 1.580E+02, 3.000E+01, 7.300E+01, 6.600E+01, 3.100E+01, 1.300E+01, 7.800E+01, 3.000E+00, 6.900E+01, 3.400E+01, 1.050E+02, 2.400E+01, 1.230E+02, 2.400E+01, 9.700E+01, 2.400E+01, 9.300E+01, 4.200E+01, 6.400E+01, 2.800E+01, 1.060E+02, 3.300E+01, 1.160E+02, 1.500E+01, 2.820E+02, 4.500E+01, 7.500E+01, 2.800E+01, 7.400E+01, 1.200E+01, 1.380E+02, 1.900E+01, 6.400E+01, 1.000E+01, 1.900E+01, 2.000E+01, 1.200E+01, 8.000E+00, 1.300E+01, 1.000E+00), .Dim=c(41, 2)), logQ= structure(.Data= c(8.676E+00, 8.842E+00, 8.772E+00, 8.963E+00, 8.646E+00, 8.874E+00, 8.861E+00, 9.010E+00, 8.892E+00, 9.199E+00, 8.716E+00, 8.947E+00, 8.396E+00, 8.602E+00, 8.483E+00, 8.609E+00, 8.484E+00, 8.553E+00, 8.583E+00, 8.719E+00, 8.943E+00, 9.244E+00, 8.787E+00, 9.158E+00, 8.273E+00, 8.380E+00, 8.323E+00, 8.441E+00, 8.485E+00, 8.571E+00, 8.712E+00, 8.991E+00, 8.977E+00, 9.209E+00, 9.173E+00, 9.514E+00, 8.965E+00, 9.225E+00, 8.745E+00, 8.952E+00, 8.586E+00, 8.594E+00, 8.517E+00, 8.563E+00, 8.540E+00, 8.605E+00, 8.721E+00, 8.723E+00, 8.951E+00, 9.123E+00, 8.661E+00, 8.829E+00, 8.653E+00, 8.863E+00, 8.457E+00, 8.525E+00, 8.781E+00, 8.888E+00, 8.854E+00, 9.042E+00, 8.976E+00, 9.095E+00, 8.758E+00, 8.934E+00, 8.956E+00, 9.045E+00, 8.435E+00, 8.600E+00, 8.844E+00, 9.072E+00, 8.503E+00, 8.721E+00, 8.729E+00, 8.987E+00, 8.791E+00, 8.905E+00, 8.416E+00, 8.677E+00, 8.644E+00, 8.748E+00, 8.825E+00, 8.991E+00), .Dim=c(41, 2)), stlogQ= structure(.Data= c(-9.325E-02, -9.510E-02, 3.743E-01, 3.780E-01, -2.382E-01, 2.749E-02, 8.094E-01, 5.603E-01, 9.606E-01, 1.303E+00, 1.011E-01, 3.160E-01, -1.450E+00, -1.037E+00, -1.028E+00, -1.010E+00, -1.027E+00, -1.231E+00, -5.452E-01, -5.812E-01, 1.205E+00, 1.481E+00, 4.463E-01, 1.143E+00, -2.049E+00, -1.908E+00, -1.805E+00, -1.670E+00, -1.022E+00, -1.160E+00, 8.320E-02, 4.893E-01, 1.374E+00, 1.343E+00, 2.327E+00, 2.538E+00, 1.312E+00, 1.407E+00, 2.417E-01, 3.357E-01, -5.304E-01, -1.068E+00, -8.652E-01, -1.193E+00, -7.549E-01, -1.026E+00, 1.272E-01, -5.627E-01, 1.245E+00, 1.005E+00, -1.647E-01, -1.465E-01, -2.053E-01, -1.449E-02, -1.157E+00, -1.341E+00, 4.183E-01, 8.160E-02, 7.759E-01, 6.880E-01, 1.365E+00, 8.965E-01, 3.054E-01, 2.649E-01, 1.270E+00, 6.998E-01, -1.263E+00, -1.046E+00, 7.244E-01, 8.067E-01, -9.342E-01, -5.727E-01, 1.656E-01, 4.722E-01, 4.680E-01, 1.504E-01, -1.354E+00, -7.458E-01, -2.446E-01, -4.653E-01, 6.332E-01, 4.871E-01), .Dim=c(41, 2)), lQ2pic=c(8.774E+00, 8.580E+00, 8.594E+00, 9.037E+00, 8.690E+00, 8.503E+00, 8.389E+00, 8.414E+00, 8.742E+00, 8.706E+00, 8.727E+00, 8.525E+00, 8.312E+00, 8.376E+00, 8.783E+00, 8.558E+00, 9.169E+00, 9.061E+00, 8.917E+00, 8.580E+00, 8.439E+00, 8.470E+00, 8.468E+00, 8.651E+00, 8.906E+00, 8.621E+00, 8.693E+00, 8.393E+00, 8.857E+00, 9.013E+00, 8.847E+00, 8.700E+00, 8.768E+00, 8.639E+00, 8.708E+00, 8.625E+00, 8.677E+00, 8.581E+00, 8.472E+00, 8.846E+00, 8.851E+00), stlQ2pic=c(4.901E-01, -4.639E-01, -3.947E-01, 1.783E+00, 7.553E-02, -8.442E-01, -1.404E+00, -1.282E+00, 3.310E-01, 1.523E-01, 2.578E-01, -7.375E-01, -1.783E+00, -1.471E+00, 5.331E-01, -5.760E-01, 2.432E+00, 1.902E+00, 1.191E+00, -4.653E-01, -1.162E+00, -1.006E+00, -1.015E+00, -1.178E-01, 1.139E+00, -2.663E-01, 9.079E-02, -1.387E+00, 8.982E-01, 1.664E+00, 8.465E-01, 1.235E-01, 4.611E-01, -1.756E-01, 1.629E-01, -2.450E-01, 9.099E-03, -4.588E-01, -9.950E-01, 8.405E-01, 8.677E-01),