list(Y=3.500E+01, Q2pic=c(6.466E+03, 5.326E+03, 5.402E+03, 8.411E+03, 5.944E+03, 4.930E+03, 4.399E+03, 4.510E+03, 6.261E+03, 6.037E+03, 6.168E+03, 5.038E+03, 4.073E+03, 4.340E+03, 6.523E+03, 5.206E+03, 9.597E+03, 8.616E+03, 7.456E+03, 5.325E+03, 4.622E+03, 4.770E+03, 4.762E+03, 5.715E+03, 7.378E+03, 5.545E+03, 5.962E+03, 4.415E+03, 7.026E+03, 8.210E+03, 6.952E+03, 6.002E+03, 6.428E+03, 5.648E+03, 6.050E+03), Cm_B= structure(.Data= c(6.000E+00, 0.000E+00, 2.000E+01, 1.000E+00, 9.000E+00, 1.000E+00, 6.000E+00, 3.000E+00, 0.000E+00, 1.000E+00,   NA,   NA, 2.000E+00, 0.000E+00, 7.000E+00, 0.000E+00, 5.000E+00, 2.000E+00,   NA,   NA, 1.000E+00, 0.000E+00, 2.000E+00, 1.000E+00, 3.000E+00, 3.000E+00, 1.000E+00, 0.000E+00, 8.000E+00, 2.000E+00, 1.000E+00, 0.000E+00,   NA,   NA,   NA,   NA, 1.300E+01, 5.000E+00, 0.000E+00, 1.000E+00, 1.100E+01, 2.000E+00, 3.700E+01, 2.000E+00, 1.300E+01, 3.000E+00, 1.000E+00, 0.000E+00, 5.000E+00, 0.000E+00, 1.200E+01, 4.000E+00, 1.000E+01, 2.000E+00, 1.500E+01, 1.000E+00, 7.000E+00, 1.000E+00, 5.000E+00, 0.000E+00, 3.000E+00, 2.000E+00, 1.200E+01, 2.000E+00, 7.000E+00, 1.000E+00, 9.000E+00, 2.000E+00, 7.000E+00, 2.000E+00), .Dim=c(35, 2)), Cum_B= structure(.Data= c(2.000E+00, 1.000E+00, 4.000E+00, 0.000E+00, 5.000E+00, 1.000E+00, 3.000E+00, 1.000E+00, 1.000E+00, 0.000E+00,   NA,   NA, 1.000E+00, 0.000E+00, 3.000E+00, 0.000E+00, 0.000E+00, 0.000E+00,   NA,   NA, 1.000E+00, 1.000E+00, 1.500E+01, 0.000E+00, 3.000E+00, 2.000E+00, 0.000E+00, 0.000E+00, 4.000E+00, 1.000E+00, 1.000E+00, 5.000E+00,   NA,   NA,   NA,   NA, 1.200E+01, 4.000E+00, 0.000E+00, 0.000E+00, 7.000E+00, 1.000E+00, 2.400E+01, 3.000E+00, 6.000E+00, 6.000E+00, 5.000E+00, 0.000E+00, 4.000E+00, 1.000E+00, 1.000E+00, 0.000E+00, 3.000E+00, 3.000E+00, 0.000E+00, 0.000E+00, 2.000E+00, 0.000E+00, 3.000E+00, 3.000E+00, 3.000E+00, 3.000E+00, 0.000E+00, 2.000E+00, 4.000E+00, 0.000E+00, 1.200E+01, 0.000E+00, 1.000E+00, 1.000E+00), .Dim=c(35, 2)), C_Eu= structure(.Data= c(4.300E+01, 2.600E+01, 7.800E+01, 1.900E+01, 1.190E+02, 1.900E+01, 9.800E+01, 2.500E+01, 5.300E+01, 1.200E+01, 1.210E+02, 2.000E+01, 5.000E+01, 3.300E+01, 1.180E+02, 1.900E+01, 1.230E+02, 3.500E+01, 3.300E+01, 1.600E+01, 2.600E+01, 5.000E+00, 2.300E+01, 1.000E+00, 1.800E+01, 1.600E+01, 2.400E+01, 1.000E+01, 1.770E+02, 1.000E+01, 1.200E+01, 1.300E+01, 7.000E+00, 4.000E+00, 8.000E+00, 1.000E+00, 5.600E+01, 1.300E+01, 1.300E+01, 1.000E+01, 4.500E+01, 9.000E+00, 1.590E+02, 3.000E+01, 7.300E+01, 6.600E+01, 3.100E+01, 1.300E+01, 7.800E+01, 3.000E+00, 7.100E+01, 3.400E+01, 1.050E+02, 2.400E+01, 1.230E+02, 2.400E+01, 9.700E+01, 2.400E+01, 9.300E+01, 4.200E+01, 6.400E+01, 2.800E+01, 1.060E+02, 3.300E+01, 1.160E+02, 1.500E+01, 2.820E+02, 4.500E+01, 7.500E+01, 2.800E+01), .Dim=c(35, 2)), Cm_Eu= structure(.Data= c(4.300E+01, 2.500E+01, 7.800E+01, 1.900E+01, 1.190E+02, 1.900E+01, 9.700E+01, 2.500E+01, 5.300E+01, 1.200E+01, 1.210E+02, 2.000E+01, 5.000E+01, 3.300E+01, 1.180E+02, 1.800E+01, 1.220E+02, 3.500E+01, 3.300E+01, 1.600E+01, 2.600E+01, 5.000E+00, 2.300E+01, 1.000E+00, 1.800E+01, 1.600E+01, 2.400E+01, 1.000E+01, 1.770E+02, 1.000E+01, 1.200E+01, 1.300E+01, 7.000E+00, 4.000E+00, 8.000E+00, 1.000E+00, 5.600E+01, 1.300E+01, 1.300E+01, 1.000E+01, 4.500E+01, 9.000E+00, 1.580E+02, 3.000E+01, 7.300E+01, 6.600E+01, 3.100E+01, 1.300E+01, 7.800E+01, 3.000E+00, 6.900E+01, 3.400E+01, 1.050E+02, 2.400E+01, 1.230E+02, 2.400E+01, 9.700E+01, 2.400E+01, 9.300E+01, 4.200E+01, 6.400E+01, 2.800E+01, 1.060E+02, 3.300E+01, 1.160E+02, 1.500E+01, 2.820E+02, 4.500E+01, 7.500E+01, 2.800E+01), .Dim=c(35, 2)), Q= structure(.Data= c(5.858E+03, 6.922E+03, 6.450E+03, 7.809E+03, 5.686E+03, 7.142E+03, 7.054E+03, 8.181E+03, 7.276E+03, 9.887E+03, 6.097E+03, 7.687E+03, 4.431E+03, 5.445E+03, 4.834E+03, 5.483E+03, 4.835E+03, 5.183E+03, 5.338E+03, 6.116E+03, 7.651E+03, 1.034E+04, 6.546E+03, 9.490E+03, 3.918E+03, 4.361E+03, 4.119E+03, 4.633E+03, 4.840E+03, 5.277E+03, 6.075E+03, 8.034E+03, 7.921E+03, 9.988E+03, 9.638E+03, 1.354E+04, 7.821E+03, 1.015E+04, 6.276E+03, 7.726E+03, 5.354E+03, 5.402E+03, 4.998E+03, 5.232E+03, 5.113E+03, 5.460E+03, 6.130E+03, 6.145E+03, 7.714E+03, 9.163E+03, 5.773E+03, 6.832E+03, 5.725E+03, 7.066E+03, 4.707E+03, 5.039E+03, 6.508E+03, 7.241E+03, 7.005E+03, 8.451E+03, 7.907E+03, 8.913E+03, 6.359E+03, 7.588E+03, 7.755E+03, 8.477E+03, 4.606E+03, 5.432E+03, 6.931E+03, 8.711E+03), .Dim=c(35, 2)))
