list(Y=3.800E+01, Q2pic=c(6.466E+03, 5.326E+03, 5.402E+03, 8.411E+03, 5.944E+03, 4.930E+03, 4.399E+03, 4.510E+03, 6.261E+03, 6.037E+03, 6.168E+03, 5.038E+03, 4.073E+03, 4.340E+03, 6.523E+03, 5.206E+03, 9.597E+03, 8.616E+03, 7.456E+03, 5.325E+03, 4.622E+03, 4.770E+03, 4.762E+03, 5.715E+03, 7.378E+03, 5.545E+03, 5.962E+03, 4.415E+03, 7.026E+03, 8.210E+03, 6.952E+03, 6.002E+03, 6.428E+03, 5.648E+03, 6.050E+03, 5.569E+03, 5.864E+03, 5.332E+03), Cm_B= structure(.Data= c(6.000E+00, 0.000E+00, 2.000E+01, 1.000E+00, 9.000E+00, 1.000E+00, 6.000E+00, 3.000E+00, 0.000E+00, 1.000E+00,   NA,   NA, 2.000E+00, 0.000E+00, 7.000E+00, 0.000E+00, 5.000E+00, 2.000E+00,   NA,   NA, 1.000E+00, 0.000E+00, 2.000E+00, 1.000E+00, 3.000E+00, 3.000E+00, 1.000E+00, 0.000E+00, 8.000E+00, 2.000E+00, 1.000E+00, 0.000E+00,   NA,   NA,   NA,   NA, 1.300E+01, 5.000E+00, 0.000E+00, 1.000E+00, 1.100E+01, 2.000E+00, 3.700E+01, 2.000E+00, 1.300E+01, 3.000E+00, 1.000E+00, 0.000E+00, 5.000E+00, 0.000E+00, 1.200E+01, 4.000E+00, 1.000E+01, 2.000E+00, 1.500E+01, 1.000E+00, 7.000E+00, 1.000E+00, 5.000E+00, 0.000E+00, 1.200E+01, 2.000E+00, 7.000E+00, 1.000E+00, 9.000E+00, 2.000E+00, 7.000E+00, 2.000E+00, 1.000E+00, 1.000E+00, 7.000E+00, 1.000E+00, 4.000E+00, 1.000E+00, 1.000E+00, 1.000E+00), .Dim=c(38, 2)), Cum_B= structure(.Data= c(2.000E+00, 1.000E+00, 4.000E+00, 0.000E+00, 5.000E+00, 1.000E+00, 3.000E+00, 1.000E+00, 1.000E+00, 0.000E+00,   NA,   NA, 1.000E+00, 0.000E+00, 3.000E+00, 0.000E+00, 0.000E+00, 0.000E+00,   NA,   NA, 1.000E+00, 1.000E+00, 1.500E+01, 0.000E+00, 3.000E+00, 2.000E+00, 0.000E+00, 0.000E+00, 4.000E+00, 1.000E+00, 1.000E+00, 5.000E+00,   NA,   NA,   NA,   NA, 1.200E+01, 4.000E+00, 0.000E+00, 0.000E+00, 7.000E+00, 1.000E+00, 2.400E+01, 3.000E+00, 6.000E+00, 6.000E+00, 5.000E+00, 0.000E+00, 4.000E+00, 1.000E+00, 1.000E+00, 0.000E+00, 3.000E+00, 3.000E+00, 0.000E+00, 0.000E+00, 2.000E+00, 0.000E+00, 3.000E+00, 3.000E+00, 0.000E+00, 2.000E+00, 4.000E+00, 0.000E+00, 1.200E+01, 0.000E+00, 1.000E+00, 1.000E+00, 1.000E+00, 2.000E+00, 8.000E+00, 2.000E+00, 5.000E+00, 0.000E+00, 2.000E+00, 1.000E+00), .Dim=c(38, 2)), C_Eu= structure(.Data= c(4.300E+01, 2.600E+01, 7.800E+01, 1.900E+01, 1.190E+02, 1.900E+01, 9.800E+01, 2.500E+01, 5.300E+01, 1.200E+01, 1.210E+02, 2.000E+01, 5.000E+01, 3.300E+01, 1.180E+02, 1.900E+01, 1.230E+02, 3.500E+01, 3.300E+01, 1.600E+01, 2.600E+01, 5.000E+00, 2.300E+01, 1.000E+00, 1.800E+01, 1.600E+01, 2.400E+01, 1.000E+01, 1.770E+02, 1.000E+01, 1.200E+01, 1.300E+01, 7.000E+00, 4.000E+00, 8.000E+00, 1.000E+00, 5.600E+01, 1.300E+01, 1.300E+01, 1.000E+01, 4.500E+01, 9.000E+00, 1.590E+02, 3.000E+01, 7.300E+01, 6.600E+01, 3.100E+01, 1.300E+01, 7.800E+01, 3.000E+00, 7.100E+01, 3.400E+01, 1.050E+02, 2.400E+01, 1.230E+02, 2.400E+01, 9.700E+01, 2.400E+01, 9.300E+01, 4.200E+01, 6.400E+01, 2.800E+01, 1.060E+02, 3.300E+01, 1.160E+02, 1.500E+01, 2.820E+02, 4.500E+01, 7.500E+01, 2.800E+01, 7.400E+01, 1.200E+01, 1.380E+02, 1.900E+01, 6.400E+01, 1.000E+01), .Dim=c(38, 2)), Cm_Eu= structure(.Data= c(4.300E+01, 2.500E+01, 7.800E+01, 1.900E+01, 1.190E+02, 1.900E+01, 9.700E+01, 2.500E+01, 5.300E+01, 1.200E+01, 1.210E+02, 2.000E+01, 5.000E+01, 3.300E+01, 1.180E+02, 1.800E+01, 1.220E+02, 3.500E+01, 3.300E+01, 1.600E+01, 2.600E+01, 5.000E+00, 2.300E+01, 1.000E+00, 1.800E+01, 1.600E+01, 2.400E+01, 1.000E+01, 1.770E+02, 1.000E+01, 1.200E+01, 1.300E+01, 7.000E+00, 4.000E+00, 8.000E+00, 1.000E+00, 5.600E+01, 1.300E+01, 1.300E+01, 1.000E+01, 4.500E+01, 9.000E+00, 1.580E+02, 3.000E+01, 7.300E+01, 6.600E+01, 3.100E+01, 1.300E+01, 7.800E+01, 3.000E+00, 6.900E+01, 3.400E+01, 1.050E+02, 2.400E+01, 1.230E+02, 2.400E+01, 9.700E+01, 2.400E+01, 9.300E+01, 4.200E+01, 6.400E+01, 2.800E+01, 1.060E+02, 3.300E+01, 1.160E+02, 1.500E+01, 2.820E+02, 4.500E+01, 7.500E+01, 2.800E+01, 7.400E+01, 1.200E+01, 1.380E+02, 1.900E+01, 6.400E+01, 1.000E+01), .Dim=c(38, 2)), logQ= structure(.Data= c(8.676E+00, 8.842E+00, 8.772E+00, 8.963E+00, 8.646E+00, 8.874E+00, 8.861E+00, 9.010E+00, 8.892E+00, 9.199E+00, 8.716E+00, 8.947E+00, 8.396E+00, 8.602E+00, 8.483E+00, 8.609E+00, 8.484E+00, 8.553E+00, 8.583E+00, 8.719E+00, 8.943E+00, 9.244E+00, 8.787E+00, 9.158E+00, 8.273E+00, 8.380E+00, 8.323E+00, 8.441E+00, 8.485E+00, 8.571E+00, 8.712E+00, 8.991E+00, 8.977E+00, 9.209E+00, 9.173E+00, 9.514E+00, 8.965E+00, 9.225E+00, 8.745E+00, 8.952E+00, 8.586E+00, 8.594E+00, 8.517E+00, 8.563E+00, 8.540E+00, 8.605E+00, 8.721E+00, 8.723E+00, 8.951E+00, 9.123E+00, 8.661E+00, 8.829E+00, 8.653E+00, 8.863E+00, 8.457E+00, 8.525E+00, 8.781E+00, 8.888E+00, 8.854E+00, 9.042E+00, 8.976E+00, 9.095E+00, 8.758E+00, 8.934E+00, 8.956E+00, 9.045E+00, 8.435E+00, 8.600E+00, 8.844E+00, 9.072E+00, 8.503E+00, 8.721E+00, 8.729E+00, 8.987E+00, 8.791E+00, 8.905E+00), .Dim=c(38, 2)), stlogQ= structure(.Data= c(-1.176E-01, -1.112E-01, 3.457E-01, 3.498E-01, -2.612E-01, 8.217E-03, 7.769E-01, 5.273E-01, 9.267E-01, 1.251E+00, 7.502E-02, 2.894E-01, -1.463E+00, -1.029E+00, -1.044E+00, -1.002E+00, -1.043E+00, -1.218E+00, -5.655E-01, -5.849E-01, 1.168E+00, 1.424E+00, 4.170E-01, 1.095E+00, -2.055E+00, -1.878E+00, -1.814E+00, -1.646E+00, -1.038E+00, -1.149E+00, 5.726E-02, 4.582E-01, 1.336E+00, 1.290E+00, 2.281E+00, 2.454E+00, 1.275E+00, 1.352E+00, 2.143E-01, 3.085E-01, -5.508E-01, -1.059E+00, -8.826E-01, -1.181E+00, -7.732E-01, -1.018E+00, 1.008E-01, -5.668E-01, 1.208E+00, 9.606E-01, -1.884E-01, -1.613E-01, -2.286E-01, -3.268E-02, -1.172E+00, -1.325E+00, 3.894E-01, 6.094E-02, 7.437E-01, 6.517E-01, 1.327E+00, 8.549E-01, 2.774E-01, 2.395E-01, 1.233E+00, 6.632E-01, -1.277E+00, -1.038E+00, 6.926E-01, 7.674E-01, -9.509E-01, -5.766E-01, 1.389E-01, 4.415E-01, 4.386E-01, 1.279E-01), .Dim=c(38, 2)), lQ2pic=c(8.774E+00, 8.580E+00, 8.594E+00, 9.037E+00, 8.690E+00, 8.503E+00, 8.389E+00, 8.414E+00, 8.742E+00, 8.706E+00, 8.727E+00, 8.525E+00, 8.312E+00, 8.376E+00, 8.783E+00, 8.558E+00, 9.169E+00, 9.061E+00, 8.917E+00, 8.580E+00, 8.439E+00, 8.470E+00, 8.468E+00, 8.651E+00, 8.906E+00, 8.621E+00, 8.693E+00, 8.393E+00, 8.857E+00, 9.013E+00, 8.847E+00, 8.700E+00, 8.768E+00, 8.639E+00, 8.708E+00, 8.625E+00, 8.677E+00, 8.581E+00), stlQ2pic=c(5.052E-01, -4.419E-01, -3.732E-01, 1.789E+00, 9.362E-02, -8.195E-01, -1.376E+00, -1.255E+00, 3.473E-01, 1.699E-01, 2.746E-01, -7.136E-01, -1.752E+00, -1.442E+00, 5.479E-01, -5.532E-01, 2.433E+00, 1.907E+00, 1.201E+00, -4.434E-01, -1.135E+00, -9.801E-01, -9.890E-01, -9.832E-02, 1.149E+00, -2.458E-01, 1.088E-01, -1.358E+00, 9.104E-01, 1.671E+00, 8.591E-01, 1.413E-01, 4.765E-01, -1.557E-01, 1.803E-01, -2.246E-01, 2.767E-02, -4.369E-01))
