list(Y=4.000E+01, Q2pic=c(6.466E+03, 5.326E+03, 5.402E+03, 8.411E+03, 5.944E+03, 4.930E+03, 4.399E+03, 4.510E+03, 6.261E+03, 6.037E+03, 6.168E+03, 5.038E+03, 4.073E+03, 4.340E+03, 6.523E+03, 5.206E+03, 9.597E+03, 8.616E+03, 7.456E+03, 5.325E+03, 4.622E+03, 4.770E+03, 4.762E+03, 5.715E+03, 7.378E+03, 5.545E+03, 5.962E+03, 4.415E+03, 7.026E+03, 8.210E+03, 6.952E+03, 6.002E+03, 6.428E+03, 5.648E+03, 6.050E+03, 5.569E+03, 5.864E+03, 5.332E+03, 4.781E+03, 6.944E+03), Cm_B= structure(.Data= c(6.000E+00, 0.000E+00, 2.000E+01, 1.000E+00, 9.000E+00, 1.000E+00, 6.000E+00, 3.000E+00, 0.000E+00, 1.000E+00,   NA,   NA, 2.000E+00, 0.000E+00, 7.000E+00, 0.000E+00, 5.000E+00, 2.000E+00,   NA,   NA, 1.000E+00, 0.000E+00, 2.000E+00, 1.000E+00, 3.000E+00, 3.000E+00, 1.000E+00, 0.000E+00, 8.000E+00, 2.000E+00, 1.000E+00, 0.000E+00,   NA,   NA,   NA,   NA, 1.300E+01, 5.000E+00, 0.000E+00, 1.000E+00, 1.100E+01, 2.000E+00, 3.700E+01, 2.000E+00, 1.300E+01, 3.000E+00, 1.000E+00, 0.000E+00, 5.000E+00, 0.000E+00, 1.200E+01, 4.000E+00, 1.000E+01, 2.000E+00, 1.500E+01, 1.000E+00, 7.000E+00, 1.000E+00, 5.000E+00, 0.000E+00, 1.200E+01, 2.000E+00, 7.000E+00, 1.000E+00, 9.000E+00, 2.000E+00, 7.000E+00, 2.000E+00, 1.000E+00, 1.000E+00, 7.000E+00, 1.000E+00, 4.000E+00, 1.000E+00, 1.000E+00, 1.000E+00, 4.000E+00, 2.000E+00, 1.000E+00, 0.000E+00), .Dim=c(40, 2)), Cum_B= structure(.Data= c(2.000E+00, 1.000E+00, 4.000E+00, 0.000E+00, 5.000E+00, 1.000E+00, 3.000E+00, 1.000E+00, 1.000E+00, 0.000E+00,   NA,   NA, 1.000E+00, 0.000E+00, 3.000E+00, 0.000E+00, 0.000E+00, 0.000E+00,   NA,   NA, 1.000E+00, 1.000E+00, 1.500E+01, 0.000E+00, 3.000E+00, 2.000E+00, 0.000E+00, 0.000E+00, 4.000E+00, 1.000E+00, 1.000E+00, 5.000E+00,   NA,   NA,   NA,   NA, 1.200E+01, 4.000E+00, 0.000E+00, 0.000E+00, 7.000E+00, 1.000E+00, 2.400E+01, 3.000E+00, 6.000E+00, 6.000E+00, 5.000E+00, 0.000E+00, 4.000E+00, 1.000E+00, 1.000E+00, 0.000E+00, 3.000E+00, 3.000E+00, 0.000E+00, 0.000E+00, 2.000E+00, 0.000E+00, 3.000E+00, 3.000E+00, 0.000E+00, 2.000E+00, 4.000E+00, 0.000E+00, 1.200E+01, 0.000E+00, 1.000E+00, 1.000E+00, 1.000E+00, 2.000E+00, 8.000E+00, 2.000E+00, 5.000E+00, 0.000E+00, 2.000E+00, 1.000E+00, 2.000E+00, 1.000E+00, 2.000E+00, 2.000E+00), .Dim=c(40, 2)), C_Eu= structure(.Data= c(4.300E+01, 2.600E+01, 7.800E+01, 1.900E+01, 1.190E+02, 1.900E+01, 9.800E+01, 2.500E+01, 5.300E+01, 1.200E+01, 1.210E+02, 2.000E+01, 5.000E+01, 3.300E+01, 1.180E+02, 1.900E+01, 1.230E+02, 3.500E+01, 3.300E+01, 1.600E+01, 2.600E+01, 5.000E+00, 2.300E+01, 1.000E+00, 1.800E+01, 1.600E+01, 2.400E+01, 1.000E+01, 1.770E+02, 1.000E+01, 1.200E+01, 1.300E+01, 7.000E+00, 4.000E+00, 8.000E+00, 1.000E+00, 5.600E+01, 1.300E+01, 1.300E+01, 1.000E+01, 4.500E+01, 9.000E+00, 1.590E+02, 3.000E+01, 7.300E+01, 6.600E+01, 3.100E+01, 1.300E+01, 7.800E+01, 3.000E+00, 7.100E+01, 3.400E+01, 1.050E+02, 2.400E+01, 1.230E+02, 2.400E+01, 9.700E+01, 2.400E+01, 9.300E+01, 4.200E+01, 6.400E+01, 2.800E+01, 1.060E+02, 3.300E+01, 1.160E+02, 1.500E+01, 2.820E+02, 4.500E+01, 7.500E+01, 2.800E+01, 7.400E+01, 1.200E+01, 1.380E+02, 1.900E+01, 6.400E+01, 1.000E+01, 1.900E+01, 2.000E+01, 1.200E+01, 8.000E+00), .Dim=c(40, 2)), Cm_Eu= structure(.Data= c(4.300E+01, 2.500E+01, 7.800E+01, 1.900E+01, 1.190E+02, 1.900E+01, 9.700E+01, 2.500E+01, 5.300E+01, 1.200E+01, 1.210E+02, 2.000E+01, 5.000E+01, 3.300E+01, 1.180E+02, 1.800E+01, 1.220E+02, 3.500E+01, 3.300E+01, 1.600E+01, 2.600E+01, 5.000E+00, 2.300E+01, 1.000E+00, 1.800E+01, 1.600E+01, 2.400E+01, 1.000E+01, 1.770E+02, 1.000E+01, 1.200E+01, 1.300E+01, 7.000E+00, 4.000E+00, 8.000E+00, 1.000E+00, 5.600E+01, 1.300E+01, 1.300E+01, 1.000E+01, 4.500E+01, 9.000E+00, 1.580E+02, 3.000E+01, 7.300E+01, 6.600E+01, 3.100E+01, 1.300E+01, 7.800E+01, 3.000E+00, 6.900E+01, 3.400E+01, 1.050E+02, 2.400E+01, 1.230E+02, 2.400E+01, 9.700E+01, 2.400E+01, 9.300E+01, 4.200E+01, 6.400E+01, 2.800E+01, 1.060E+02, 3.300E+01, 1.160E+02, 1.500E+01, 2.820E+02, 4.500E+01, 7.500E+01, 2.800E+01, 7.400E+01, 1.200E+01, 1.380E+02, 1.900E+01, 6.400E+01, 1.000E+01, 1.900E+01, 2.000E+01, 1.200E+01, 8.000E+00), .Dim=c(40, 2)), logQ= structure(.Data= c(8.676E+00, 8.842E+00, 8.772E+00, 8.963E+00, 8.646E+00, 8.874E+00, 8.861E+00, 9.010E+00, 8.892E+00, 9.199E+00, 8.716E+00, 8.947E+00, 8.396E+00, 8.602E+00, 8.483E+00, 8.609E+00, 8.484E+00, 8.553E+00, 8.583E+00, 8.719E+00, 8.943E+00, 9.244E+00, 8.787E+00, 9.158E+00, 8.273E+00, 8.380E+00, 8.323E+00, 8.441E+00, 8.485E+00, 8.571E+00, 8.712E+00, 8.991E+00, 8.977E+00, 9.209E+00, 9.173E+00, 9.514E+00, 8.965E+00, 9.225E+00, 8.745E+00, 8.952E+00, 8.586E+00, 8.594E+00, 8.517E+00, 8.563E+00, 8.540E+00, 8.605E+00, 8.721E+00, 8.723E+00, 8.951E+00, 9.123E+00, 8.661E+00, 8.829E+00, 8.653E+00, 8.863E+00, 8.457E+00, 8.525E+00, 8.781E+00, 8.888E+00, 8.854E+00, 9.042E+00, 8.976E+00, 9.095E+00, 8.758E+00, 8.934E+00, 8.956E+00, 9.045E+00, 8.435E+00, 8.600E+00, 8.844E+00, 9.072E+00, 8.503E+00, 8.721E+00, 8.729E+00, 8.987E+00, 8.791E+00, 8.905E+00, 8.416E+00, 8.677E+00, 8.644E+00, 8.748E+00), .Dim=c(40, 2)), stlogQ= structure(.Data= c(-7.685E-02, -8.213E-02, 3.872E-01, 3.865E-01, -2.207E-01, 3.929E-02, 8.191E-01, 5.670E-01, 9.691E-01, 1.303E+00, 1.161E-01, 3.251E-01, -1.424E+00, -1.015E+00, -1.005E+00, -9.879E-01, -1.004E+00, -1.207E+00, -5.255E-01, -5.636E-01, 1.211E+00, 1.479E+00, 4.586E-01, 1.144E+00, -2.018E+00, -1.878E+00, -1.776E+00, -1.642E+00, -9.983E-01, -1.137E+00, 9.829E-02, 4.967E-01, 1.379E+00, 1.343E+00, 2.326E+00, 2.526E+00, 1.318E+00, 1.405E+00, 2.556E-01, 3.446E-01, -5.108E-01, -1.046E+00, -8.430E-01, -1.170E+00, -7.335E-01, -1.004E+00, 1.419E-01, -5.452E-01, 1.251E+00, 1.007E+00, -1.478E-01, -1.330E-01, -1.880E-01, -2.291E-03, -1.133E+00, -1.316E+00, 4.309E-01, 9.288E-02, 7.858E-01, 6.934E-01, 1.370E+00, 9.000E-01, 3.188E-01, 2.744E-01, 1.276E+00, 7.051E-01, -1.238E+00, -1.024E+00, 7.347E-01, 8.110E-01, -9.115E-01, -5.552E-01, 1.800E-01, 4.798E-01, 4.802E-01, 1.610E-01, -1.328E+00, -7.266E-01, -2.271E-01, -4.488E-01), .Dim=c(40, 2)), lQ2pic=c(8.774E+00, 8.580E+00, 8.594E+00, 9.037E+00, 8.690E+00, 8.503E+00, 8.389E+00, 8.414E+00, 8.742E+00, 8.706E+00, 8.727E+00, 8.525E+00, 8.312E+00, 8.376E+00, 8.783E+00, 8.558E+00, 9.169E+00, 9.061E+00, 8.917E+00, 8.580E+00, 8.439E+00, 8.470E+00, 8.468E+00, 8.651E+00, 8.906E+00, 8.621E+00, 8.693E+00, 8.393E+00, 8.857E+00, 9.013E+00, 8.847E+00, 8.700E+00, 8.768E+00, 8.639E+00, 8.708E+00, 8.625E+00, 8.677E+00, 8.581E+00, 8.472E+00, 8.846E+00), stlQ2pic=c(5.103E-01, -4.409E-01, -3.719E-01, 1.800E+00, 9.694E-02, -8.202E-01, -1.379E+00, -1.257E+00, 3.517E-01, 1.735E-01, 2.787E-01, -7.137E-01, -1.756E+00, -1.445E+00, 5.532E-01, -5.527E-01, 2.447E+00, 1.918E+00, 1.209E+00, -4.424E-01, -1.137E+00, -9.814E-01, -9.904E-01, -9.582E-02, 1.157E+00, -2.439E-01, 1.122E-01, -1.361E+00, 9.172E-01, 1.681E+00, 8.657E-01, 1.448E-01, 4.814E-01, -1.534E-01, 1.840E-01, -2.227E-01, 3.070E-02, -4.359E-01, -9.705E-01, 8.597E-01),