list(Q_Beau=c(8.19545E+03, 9.00973E+03, 7.09724E+03, 7.60915E+03, 7.26925E+03, 8.13757E+03, 1.11857E+04, 7.83632E+03, 5.57297E+03, 5.62229E+03, 4.84085E+03, 6.10831E+03, 1.11718E+04, 1.16247E+04, 3.86267E+03, 4.10176E+03, 4.78872E+03, 8.78245E+03, 1.00154E+04, 1.60788E+04, 1.17472E+04, 8.34117E+03, 5.74868E+03, 5.51060E+03, 5.56773E+03, 6.39823E+03, 1.01042E+04, 7.40998E+03, 7.94782E+03, 5.67968E+03, 7.67695E+03, 9.03817E+03, 9.70695E+03, 8.47785E+03, 8.31225E+03, 6.07910E+03, 9.64717E+03, 6.98520E+03, 9.50473E+03, 7.69165E+03, 6.52600E+03, 7.14610E+03, 8.83902E+03), Q_Eu=c(8.19545E+03, 9.00973E+03, 7.09724E+03, 7.60915E+03, 7.26925E+03, 8.13757E+03, 1.11857E+04, 7.83632E+03, 5.57297E+03, 5.62229E+03, 4.84085E+03, 6.10831E+03, 1.11718E+04, 1.16247E+04, 3.86267E+03, 4.10176E+03, 4.78872E+03, 8.78245E+03, 1.00154E+04, 1.60788E+04, 1.17472E+04, 8.34117E+03, 5.74868E+03, 5.51060E+03, 5.56773E+03, 6.39823E+03, 1.01042E+04, 7.40998E+03, 7.94782E+03, 5.67968E+03, 7.67695E+03, 9.03817E+03, 9.70695E+03, 8.47785E+03, 8.31225E+03, 6.07910E+03, 9.64717E+03, 6.98520E+03, 9.50473E+03, 7.69165E+03, 6.52600E+03, 7.14610E+03, 8.83902E+03, 8.1208E+03))
#### Debit pour la Bresle (l/s). Moyenne sur la periode 01 Avril - 10 mai	
#### Covariate is standardized within WinBUGS
