list(varp_eff=c(3.434E-02, 1.020E-02), shape_lambda=4.985E+00, rate_lambda=8.846E-02, lambda0=5.035E+02, mup_recap=c(5.111E-01, 5.627E-01, 5.161E-01, 3.919E-01), varp_recap=c(2.484E-02, 4.084E-02, 5.576E-03, 6.071E-02), lambda=c(5.000E+02, 5.000E+02, 5.000E+02, 5.000E+02, 5.000E+02, 5.000E+02, 5.000E+02, 5.000E+02, 5.000E+02, 5.000E+02, 5.000E+02, 5.000E+02, 5.000E+02, 5.000E+02, 5.000E+02, 5.000E+02, 5.000E+02, 5.000E+02, 5.000E+02, 5.000E+02, 5.000E+02, 5.000E+02, 5.000E+02, 5.000E+02, 5.000E+02, 5.000E+02, 5.000E+02, 5.000E+02, 5.000E+02, 5.000E+02, 5.000E+02, 5.000E+02, 5.000E+02, 5.000E+02, 5.000E+02, 5.000E+02), logit_pi_eff= structure(.Data= c(0.000E+00, 0.000E+00, 1.163E+00, 8.473E-01, 6.931E-01, -1.386E+00, -1.946E+00, -1.609E+00, 1.792E+00, 0.000E+00, 2.918E+00, 1.504E+00, -2.015E+00, -6.931E-01, 1.992E+00, 0.000E+00, 2.231E-01, -1.386E+00, 2.231E-01, -1.099E+00, -9.163E-01, -1.099E+00, 9.719E-01, -6.931E-01, -1.131E+00, -6.931E-01, 1.099E+00, -6.931E-01, -1.421E+00, -1.946E+00, 4.964E-01, -4.055E-01, -1.856E+00, -1.609E+00, 1.421E+00, 4.055E-01, -9.985E-01, -5.108E-01, 1.972E+00, 1.012E+00, 5.436E-01, -3.677E-01, 3.483E-01, -2.231E-01, 3.254E-01, 0.000E+00, 2.251E+00, -4.055E-01, -6.419E-01, -5.596E-01, -2.079E+00, -8.473E-01, -2.024E+00, -1.792E+00, -4.480E-01, -6.286E-01, -1.872E+00, -1.792E+00, -1.447E+00, -1.705E+00, -2.385E+00, -2.140E+00, -1.705E+00, -9.163E-01, -6.190E-01, -5.108E-01, -2.595E+00, -2.485E+00, -3.135E+00, -2.197E+00, -4.925E-01, -2.877E-01), .Dim=c(36, 2)), logit_p_recap= structure(.Data= c(-4.635E+00, -1.036E+00, -1.792E+00, -1.897E+00, -3.777E+00, -1.350E+00, -2.890E+00, -1.768E+00, -4.094E+00, -2.877E-01, -3.434E+00, -3.258E+00, -1.466E+00, -1.099E+00, 0.000E+00, 0.000E+00, -3.681E+00, -8.329E-01, -2.565E+00, -3.450E+00, -1.424E+00, -1.504E+00, -8.473E-01, -1.558E+00, -1.946E+00, -4.055E-01, -1.099E+00, -6.931E-01, -5.108E-01, 1.012E+00, -6.931E-01, 6.931E-01, -1.322E+00, -1.705E+00, -6.931E-01, -1.099E+00, -2.848E+00, -2.398E+00, -1.609E+00, -1.386E+00, -2.565E+00, -2.197E+00, 0.000E+00, -1.386E+00, -6.702E-01, -6.614E-01, 0.000E+00, -1.386E+00, -6.931E-01, -1.145E+00, 0.000E+00, -1.386E+00, -1.253E+00, -1.281E+00, 0.000E+00, -6.931E-01, -1.153E+00, -1.609E+00, 0.000E+00, -6.931E-01, -1.523E+00, -1.692E+00, -9.163E-01, -2.639E+00, -2.485E+00, -1.833E+00, -6.931E-01, -1.099E+00, -1.179E+00, -2.037E+00, -6.931E-01, -9.163E-01, -1.386E+00, -2.251E+00, -1.253E+00, -1.504E+00, 1.905E-02, -2.595E-01, 6.931E-01, -4.700E-01, -9.410E-01, -8.287E-01, -1.099E+00, -1.012E+00, -4.754E-01, -8.004E-02, 0.000E+00, -2.877E-01, -8.398E-01, -3.285E-01, 0.000E+00, -4.855E-01, -3.509E-02, -5.664E-01, -6.931E-01, -5.596E-01, -9.163E-01, -4.520E-01, -6.931E-01, 1.386E+00, -1.099E+00, -4.055E-01, 0.000E+00, -6.931E-01, -8.362E-01, -7.472E-01, 0.000E+00, -1.386E+00, -3.716E-01, -2.110E+00, 0.000E+00, -7.621E-01, -6.190E-01, -6.931E-01, -1.386E+00, -1.099E+00, -6.242E-01, -1.946E+00, -6.931E-01, -2.639E+00, -8.109E-01, 6.931E-01, 0.000E+00, -6.931E-01, -1.823E-01, -1.253E+00, -6.931E-01, 1.823E-01, -4.595E-01, 1.112E-01, -6.931E-01, -1.466E+00, -8.109E-01, 6.931E-01, 0.000E+00, -1.099E+00, 4.055E-01, -1.099E+00, -1.099E+00, -1.792E+00, -5.232E-01, -6.931E-01, -4.055E-01, -1.705E+00), .Dim=c(36, 4)), n= structure(.Data= c(2.540E+02, 1.300E+02, 6.000E+01, 9.200E+01, 2.230E+02, 1.360E+02, 7.400E+01, 1.150E+02, 1.380E+02, 6.800E+01, 2.000E+02, 1.750E+02, 1.620E+02, 6.600E+01, 5.000E+01, 5.000E+01, 1.900E+02, 8.600E+01, 7.400E+01, 1.760E+02, 1.890E+02, 1.170E+02, 7.200E+01, 7.500E+01, 1.010E+02, 7.500E+01, 5.600E+01, 6.200E+01, 8.400E+01, 6.400E+01, 5.200E+01, 5.200E+01, 8.000E+01, 6.900E+01, 5.500E+01, 6.000E+01, 1.770E+02, 8.900E+01, 6.600E+01, 6.200E+01, 9.200E+01, 1.130E+02, 5.000E+01, 6.200E+01, 1.360E+02, 1.120E+02, 5.000E+01, 5.900E+01, 2.130E+02, 1.600E+02, 5.000E+01, 5.900E+01, 9.500E+01, 7.800E+01, 5.000E+01, 5.300E+01, 1.680E+02, 1.010E+02, 5.000E+01, 5.800E+01, 1.990E+02, 1.190E+02, 6.200E+01, 8.200E+01, 2.270E+02, 2.490E+02, 5.600E+01, 6.200E+01, 1.740E+02, 1.120E+02, 5.600E+01, 5.800E+01, 2.460E+02, 1.980E+02, 6.800E+01, 7.400E+01, 1.670E+02, 1.180E+02, 5.100E+01, 8.200E+01, 2.270E+02, 2.080E+02, 6.400E+01, 1.180E+02, 1.480E+02, 8.900E+01, 5.400E+01, 6.100E+01, 1.550E+02, 1.200E+02, 5.000E+01, 8.800E+01, 1.730E+02, 1.110E+02, 5.200E+01, 7.200E+01, 8.400E+01, 9.600E+01, 5.200E+01, 5.800E+01, 1.390E+02, 7.600E+01, 5.000E+01, 7.300E+01, 4.010E+02, 2.720E+02, 5.000E+01, 7.100E+01, 1.700E+02, 1.390E+02, 5.500E+01, 1.070E+02, 1.850E+02, 8.000E+01, 7.100E+01, 9.200E+01, 2.650E+02, 1.230E+02, 7.600E+01, 1.340E+02, 1.800E+02, 9.700E+01, 5.000E+01, 8.800E+01, 1.080E+02, 9.500E+01, 5.300E+01, 8.100E+01, 2.210E+02, 1.470E+02, 5.200E+01, 8.700E+01, 2.080E+02, 6.400E+01, 5.000E+01, 7.600E+01, 1.220E+02, 9.800E+01, 6.900E+01, 9.900E+01, 1.580E+02, 1.000E+02, 5.600E+01, 7.500E+01), .Dim=c(36, 4)))
