list(lambda_tot0=1.042E+02, logit_flow_Eu=c(-4.262E-01, -7.079E-01), lflow_fall_Eu=c(-5.000E-01, -5.000E-01), logit_int_Eu=c(5.082E-01, 8.304E-01), mupi_B=c(8.270E-02, 1.032E-01), pi_Eu00=c(5.871E-01, 5.992E-01), pi_Eu01=c(2.006E-01, 7.994E-01), rate_lambda=4.238E-02, s=c(1.567E+01, 3.914E+00), shape_lambda=5.995E+00, sigmapi_B=c(6.440E-01, 6.969E-01), sigmapi_Eu=c(1.019E+00, 8.865E-01), lambda_tot=c(1.020E+02, 1.155E+02, 2.208E+02, 1.762E+02, 1.300E+02,   NA, 1.245E+02, 1.943E+02, 1.570E+02,   NA, 9.300E+01, 1.440E+02, 6.233E+01, 3.400E+01, 2.805E+02, 1.750E+02,   NA,   NA, 1.303E+02, 2.300E+01, 8.723E+01, 3.182E+02, 2.432E+02, 2.640E+02, 1.620E+02, 1.094E+02, 1.935E+02, 1.470E+02, 1.512E+02, 2.970E+02, 2.024E+02, 1.589E+02, 1.965E+02), logit_pi_Eu= structure(.Data= c(1.682E+00, 3.922E-02,   NA, -7.124E-01,   NA, -1.571E+00,   NA, -9.260E-01, 1.485E+00, -1.485E+00,   NA,   NA, 1.406E+00, 1.206E-01,   NA, -1.414E+00,   NA, -2.174E-01,   NA,   NA, 2.377E-01, -2.116E+00, -7.563E-01, -4.263E+00, 3.127E-01, 5.349E-02,   NA, 3.567E-01,   NA, -2.567E+00, -1.839E+00, -1.746E+00,   NA,   NA,   NA,   NA, 1.810E+00, -1.389E+00,   NA, 1.897E+00,   NA, -1.347E+00, 7.634E+00, -1.459E+00, 4.063E-01, 1.710E-01, -1.181E+00, -2.214E+00, 3.258E+00, -3.258E+00,   NA, 4.953E-01,   NA, -1.109E+00,   NA, -7.239E-01,   NA, -7.660E-01, 5.162E-01, -9.305E-01, 5.426E-01, -9.610E-01,   NA, -3.414E-01,   NA, -1.714E+00), .Dim=c(33, 2)), logit_pi_B= structure(.Data= c(-2.464E+00, -4.615E+00, -1.338E+00, -4.740E+00, -2.693E+00, -4.695E+00, -2.922E+00, -3.762E+00, -4.860E+00, -4.860E+00,   NA,   NA, -3.701E+00,   NA, -2.914E+00,   NA, -3.414E+00, -4.350E+00,   NA,   NA, -3.818E+00, -4.522E+00, -2.011E+00, -4.963E+00, -2.240E+00, -2.439E+00, -3.497E+00,   NA, -3.108E+00, -4.527E+00, -4.460E+00, -3.526E+00,   NA,   NA,   NA,   NA, -1.438E+00, -2.601E+00,   NA, -3.091E+00, -1.347E+00, -3.335E+00, -1.439E+00, -4.137E+00, -2.468E+00, -3.259E+00, -3.761E+00,   NA, -2.833E+00, -5.081E+00, -2.004E+00, -3.272E+00, -2.631E+00, -3.630E+00, -2.175E+00, -4.984E+00, -2.760E+00, -5.012E+00, -3.587E+00, -4.585E+00, -3.488E+00, -3.676E+00, -2.505E+00, -3.656E+00, -2.825E+00, -5.276E+00), .Dim=c(33, 2)), n= structure(.Data= c(6.400E+01, 3.900E+01, 9.300E+01, 2.300E+01, 1.910E+02, 3.100E+01, 1.410E+02, 3.600E+01, 1.060E+02, 2.400E+01,   NA,   NA, 7.500E+01, 5.000E+01, 1.680E+02, 2.700E+01, 1.230E+02, 3.500E+01,   NA,   NA, 7.800E+01, 1.500E+01, 1.380E+02, 6.000E+00, 3.300E+01, 3.000E+01, 2.400E+01, 1.000E+01, 2.660E+02, 1.500E+01, 8.400E+01, 9.100E+01,   NA,   NA,   NA,   NA, 1.060E+02, 2.500E+01, 1.300E+01, 1.000E+01, 7.300E+01, 1.500E+01, 2.680E+02, 5.100E+01, 1.280E+02, 1.160E+02, 1.860E+02, 7.800E+01, 1.560E+02, 6.000E+00, 7.500E+01, 3.600E+01, 1.580E+02, 3.600E+01, 1.230E+02, 2.400E+01, 1.220E+02, 3.000E+01, 2.050E+02, 9.300E+01, 1.410E+02, 6.200E+01, 1.220E+02, 3.800E+01, 1.740E+02, 2.300E+01), .Dim=c(33, 2)))
