list(lambda_tot0=1.118E+02, logit_flow_Eu=c(-1.862E-01, -1.119E-01), lflow_fall_Eu=c(-9.614E-01, -5.331E-02), logit_int_Eu=c(8.637E-01, 9.505E-01), mupi_B=c(4.398E-02, 1.523E-01), pi_Eu00=c(2.654E-01, 5.034E-01), pi_Eu01=c(5.057E-01, 2.555E-01), rate_lambda=5.208E-02, s=c(7.662E+00, 1.778E+01), shape_lambda=5.186E+00, varpi_B=c(5.852E-01, 2.006E-01), varpi_Eu=c(1.068E+00, 6.385E-01), lambda_tot=c(1.020E+02, 1.155E+02, 2.208E+02, 1.762E+02, 1.300E+02, 1.701E+02, 1.245E+02, 1.943E+02, 1.570E+02, 1.701E+02, 9.300E+01, 1.440E+02, 6.233E+01, 3.400E+01, 2.805E+02, 1.750E+02, 1.701E+02, 1.701E+02, 1.303E+02, 2.300E+01, 8.723E+01, 3.182E+02, 2.432E+02, 2.640E+02, 1.620E+02, 1.094E+02, 1.935E+02, 1.470E+02, 1.512E+02, 2.970E+02, 1.051E+02, 2.085E+02, 2.739E+02, 3.997E+02, 2.575E+02, 1.935E+02, 3.140E+02, 1.850E+02, 5.850E+01, 1.200E+02, 4.200E+01), logit_pi_Eu= structure(.Data= c(1.682E+00, 3.922E-02,   NA, -7.124E-01,   NA, -1.571E+00,   NA, -9.260E-01, 1.485E+00, -1.485E+00,   NA, -1.179E+00, 1.406E+00, 1.206E-01,   NA, -1.414E+00,   NA, -2.174E-01, -4.555E-01, -1.462E+00, 2.377E-01, -2.116E+00, -7.563E-01, -4.263E+00, 3.127E-01, 5.349E-02,   NA, 3.567E-01,   NA, -2.567E+00, -1.839E+00, -1.746E+00, -2.411E+00, -3.009E+00, -2.265E+00, -4.431E+00, 1.810E+00, -1.389E+00,   NA, 1.897E+00,   NA, -1.347E+00, 7.634E+00, -1.459E+00, 4.063E-01, 1.710E-01, -1.181E+00, -2.214E+00, 3.258E+00, -3.258E+00,   NA, 4.953E-01,   NA, -1.109E+00,   NA, -7.239E-01,   NA, -7.660E-01, 5.162E-01, -9.305E-01,   NA, 1.306E-01,   NA, -7.697E-01, 1.711E+00, -2.096E+00,   NA, -1.236E+00, 3.331E-01, -1.280E+00, 1.179E+00, -1.955E+00, 1.983E+00, -1.983E+00, 8.090E-01, -2.110E+00, 6.172E-01, 7.711E-01, -1.386E+00, -1.872E+00, 4.855E-01, -2.996E+00), .Dim=c(41, 2)), logit_pi_B= structure(.Data= c(-2.464E+00, -4.615E+00, -1.338E+00, -4.740E+00, -2.693E+00, -4.695E+00, -2.922E+00, -3.762E+00, -4.860E+00, -4.860E+00,   NA,   NA, -3.701E+00,   NA, -2.914E+00,   NA, -3.414E+00, -4.350E+00,   NA,   NA, -3.818E+00, -4.522E+00, -2.011E+00, -4.963E+00, -2.240E+00, -2.439E+00, -3.497E+00,   NA, -3.108E+00, -4.527E+00, -4.460E+00, -3.526E+00,   NA,   NA,   NA,   NA, -1.438E+00, -2.601E+00,   NA, -3.091E+00, -1.347E+00, -3.335E+00, -1.439E+00, -4.137E+00, -2.468E+00, -3.259E+00, -3.761E+00,   NA, -2.833E+00, -5.081E+00, -2.004E+00, -3.272E+00, -2.631E+00, -3.630E+00, -2.175E+00, -4.984E+00, -2.760E+00, -5.012E+00, -3.587E+00, -4.585E+00, -2.049E+00, -3.230E+00, -2.888E+00, -5.335E+00, -2.489E+00, -4.912E+00, -3.891E+00, -4.884E+00, -4.850E+00, -4.441E+00, -2.477E+00, -4.151E+00, -3.523E+00, -5.746E+00, -4.105E+00, -4.516E+00, -2.169E+00, -2.918E+00, -3.664E+00, -3.664E+00, -2.565E+00,   NA), .Dim=c(41, 2)), n= structure(.Data= c(6.400E+01, 3.900E+01, 9.300E+01, 2.300E+01, 1.910E+02, 3.100E+01, 1.410E+02, 3.600E+01, 1.060E+02, 2.400E+01, 1.460E+02, 2.500E+01, 7.500E+01, 5.000E+01, 1.680E+02, 2.700E+01, 1.230E+02, 3.500E+01, 1.150E+02, 5.600E+01, 7.800E+01, 1.500E+01, 1.380E+02, 6.000E+00, 3.300E+01, 3.000E+01, 2.400E+01, 1.000E+01, 2.660E+02, 1.500E+01, 8.400E+01, 9.100E+01, 1.090E+02, 6.200E+01, 1.520E+02, 1.900E+01, 1.060E+02, 2.500E+01, 1.300E+01, 1.000E+01, 7.300E+01, 1.500E+01, 2.680E+02, 5.100E+01, 1.280E+02, 1.160E+02, 1.860E+02, 7.800E+01, 1.560E+02, 6.000E+00, 7.500E+01, 3.600E+01, 1.580E+02, 3.600E+01, 1.230E+02, 2.400E+01, 1.220E+02, 3.000E+01, 2.050E+02, 9.300E+01, 7.400E+01, 3.200E+01, 1.590E+02, 5.000E+01, 2.430E+02, 3.200E+01, 3.450E+02, 5.600E+01, 1.880E+02, 7.000E+01, 1.670E+02, 2.700E+01, 2.760E+02, 3.800E+01, 1.600E+02, 2.500E+01, 2.900E+01, 3.000E+01, 7.200E+01, 4.800E+01, 3.900E+01, 3.000E+00), .Dim=c(41, 2)), p_male= structure(.Data= c(5.000E-01, 5.000E-01, 5.000E-01, 5.000E-01, 5.000E-01, 5.000E-01, 5.000E-01, 5.000E-01, 5.000E-01, 5.000E-01, 5.000E-01, 5.000E-01, 5.000E-01, 5.000E-01, 5.000E-01, 5.000E-01, 5.000E-01, 5.000E-01, 5.000E-01, 5.000E-01, 5.000E-01, 5.000E-01, 5.000E-01, 5.000E-01, 5.000E-01, 5.000E-01, 5.000E-01, 5.000E-01, 5.000E-01, 5.000E-01, 5.000E-01, 5.000E-01, 5.000E-01, 5.000E-01, 5.000E-01, 5.000E-01, 5.000E-01, 5.000E-01, 5.000E-01, 5.000E-01, 5.000E-01, 5.000E-01, 5.000E-01, 5.000E-01, 5.000E-01, 5.000E-01, 5.000E-01, 5.000E-01, 5.000E-01, 5.000E-01, 5.000E-01, 5.000E-01, 5.000E-01, 5.000E-01, 5.000E-01, 5.000E-01, 5.000E-01, 5.000E-01, 5.000E-01, 5.000E-01, 5.000E-01, 5.000E-01, 5.000E-01, 5.000E-01, 5.000E-01, 5.000E-01, 5.000E-01, 5.000E-01, 5.000E-01, 5.000E-01, 5.000E-01, 5.000E-01, 5.000E-01, 5.000E-01, 5.000E-01, 5.000E-01, 5.000E-01, 5.000E-01, 5.000E-01, 5.000E-01, 5.000E-01, 5.000E-01), .Dim=c(41, 2)), p_smp= structure(.Data= c(2.089E-01, 7.673E-01, 4.261E-02, 9.098E-01, 3.256E-01, 8.404E-01, 2.732E-01, 9.859E-01, 1.195E-01, 8.830E-01, 2.783E-01, 7.094E-01, 7.966E-02, 7.390E-01, 5.650E-03, 9.221E-01, 1.548E-01, 8.917E-01, 5.490E-02, 7.252E-01, 1.072E-01, 9.849E-01, 5.426E-02, 9.003E-01, 7.819E-03, 9.062E-01, 4.278E-02, 8.956E-01, 1.033E-02, 7.540E-01, 4.341E-02, 9.923E-01, 6.320E-02, 8.934E-01, 1.189E-01, 8.289E-01, 1.718E-01, 7.120E-01, 2.077E-01, 9.790E-01, 9.877E-02, 7.092E-01, 9.135E-02, 9.563E-01, 9.962E-02, 8.892E-01, 1.776E-02, 9.457E-01, 3.096E-01, 6.774E-01, 1.496E-01, 5.451E-01, 1.190E-01, 8.230E-01, 2.232E-01, 8.255E-01, 2.625E-01, 9.504E-01, 3.464E-02, 5.515E-01, 9.983E-02, 8.021E-01, 2.821E-01, 9.031E-01, 6.144E-02, 9.528E-01, 4.079E-01, 7.303E-01, 6.556E-02, 8.437E-01, 8.448E-02, 9.449E-01, 2.831E-02, 9.465E-01, 3.600E-02, 6.219E-01, 8.816E-02, 9.818E-01, 1.252E-01, 6.796E-01, 2.175E-01, 9.460E-01), .Dim=c(41, 2)))
