list(lambda_tot0=1.148E+02, logit_flow_Eu=c(-1.660E-01, -9.467E-01), lflow_fall_Eu=c(-1.431E-01, -7.347E-01), logit_int_Eu=c(3.518E-01, 8.172E-01), mupi_B=c(2.696E-01, 2.028E-01), pi_Eu00=c(1.455E-01, 1.492E-01), pi_Eu01=c(5.915E-01, 8.817E-01), rate_lambda=1.605E-02, s=c(1.169E+01, 1.414E+01), shape_lambda=4.101E+00, varpi_B=c(5.534E-01, 2.201E-01), varpi_Eu=c(8.305E-01, 1.315E+00), lambda_tot=c(1.020E+02, 1.155E+02, 2.208E+02, 1.762E+02, 1.300E+02, 1.758E+02, 1.245E+02, 1.943E+02, 1.570E+02, 1.758E+02, 9.300E+01, 1.440E+02, 6.233E+01, 3.400E+01, 2.805E+02, 1.750E+02, 1.758E+02, 1.758E+02, 1.303E+02, 2.300E+01, 8.723E+01, 3.182E+02, 2.432E+02, 2.640E+02, 1.620E+02, 1.094E+02, 1.935E+02, 1.470E+02, 1.512E+02, 2.970E+02, 1.051E+02, 2.085E+02, 2.739E+02, 3.997E+02, 1.802E+02, 1.816E+02, 3.180E+02), logit_pi_Eu= structure(.Data= c(1.682E+00, 3.922E-02,   NA, -7.124E-01,   NA, -1.571E+00,   NA, -9.260E-01, 1.485E+00, -1.485E+00,   NA, -1.223E+00, 1.406E+00, 1.206E-01,   NA, -1.414E+00,   NA, -2.174E-01, -5.093E-01, -1.503E+00, 2.377E-01, -2.116E+00, -7.563E-01, -4.263E+00, 3.127E-01, 5.349E-02,   NA, 3.567E-01,   NA, -2.567E+00, -1.839E+00, -1.746E+00, -2.447E+00, -3.043E+00, -2.302E+00, -4.465E+00, 1.810E+00, -1.389E+00,   NA, 1.897E+00,   NA, -1.347E+00, 7.634E+00, -1.459E+00, 4.063E-01, 1.710E-01, -1.181E+00, -2.214E+00, 3.258E+00, -3.258E+00,   NA, 4.953E-01,   NA, -1.109E+00,   NA, -7.239E-01,   NA, -7.660E-01, 5.162E-01, -9.305E-01,   NA, 1.306E-01,   NA, -7.697E-01, 1.711E+00, -2.096E+00,   NA, -1.236E+00, 1.601E+00, -7.969E-01, 1.484E+00, -1.882E+00, 1.997E+00, -1.997E+00), .Dim=c(37, 2)), logit_pi_B= structure(.Data= c(-2.464E+00, -4.615E+00, -1.338E+00, -4.740E+00, -2.693E+00, -4.695E+00, -2.922E+00, -3.762E+00, -4.860E+00, -4.860E+00,   NA,   NA, -3.701E+00,   NA, -2.914E+00,   NA, -3.414E+00, -4.350E+00,   NA,   NA, -3.818E+00, -4.522E+00, -2.011E+00, -4.963E+00, -2.240E+00, -2.439E+00, -3.497E+00,   NA, -3.108E+00, -4.527E+00, -4.460E+00, -3.526E+00,   NA,   NA,   NA,   NA, -1.438E+00, -2.601E+00,   NA, -3.091E+00, -1.347E+00, -3.335E+00, -1.439E+00, -4.137E+00, -2.468E+00, -3.259E+00, -3.761E+00,   NA, -2.833E+00, -5.081E+00, -2.004E+00, -3.272E+00, -2.631E+00, -3.630E+00, -2.175E+00, -4.984E+00, -2.760E+00, -5.012E+00, -3.587E+00, -4.585E+00, -2.049E+00, -3.230E+00, -2.888E+00, -5.335E+00, -2.489E+00, -4.912E+00, -3.891E+00, -4.884E+00, -4.079E+00, -3.786E+00, -2.337E+00, -4.086E+00, -3.536E+00, -5.759E+00), .Dim=c(37, 2)), n= structure(.Data= c(6.400E+01, 3.900E+01, 9.300E+01, 2.300E+01, 1.910E+02, 3.100E+01, 1.410E+02, 3.600E+01, 1.060E+02, 2.400E+01, 1.510E+02, 2.500E+01, 7.500E+01, 5.000E+01, 1.680E+02, 2.700E+01, 1.230E+02, 3.500E+01, 1.190E+02, 5.800E+01, 7.800E+01, 1.500E+01, 1.380E+02, 6.000E+00, 3.300E+01, 3.000E+01, 2.400E+01, 1.000E+01, 2.660E+02, 1.500E+01, 8.400E+01, 9.100E+01, 1.120E+02, 6.400E+01, 1.570E+02, 2.000E+01, 1.060E+02, 2.500E+01, 1.300E+01, 1.000E+01, 7.300E+01, 1.500E+01, 2.680E+02, 5.100E+01, 1.280E+02, 1.160E+02, 1.860E+02, 7.800E+01, 1.560E+02, 6.000E+00, 7.500E+01, 3.600E+01, 1.580E+02, 3.600E+01, 1.230E+02, 2.400E+01, 1.220E+02, 3.000E+01, 2.050E+02, 9.300E+01, 7.400E+01, 3.200E+01, 1.590E+02, 5.000E+01, 2.430E+02, 3.200E+01, 3.450E+02, 5.600E+01, 1.320E+02, 4.900E+01, 1.570E+02, 2.600E+01, 2.800E+02, 3.800E+01), .Dim=c(37, 2)))
