list(lambda_tot0=1.035E+02, logit_flow_Eu=c(-2.062E-01, -6.765E-01), lflow_fall_Eu=c(-3.984E-02, -5.886E-01), logit_int_Eu=c(2.915E-01, 3.076E-01), mupi_B=c(4.707E-01, 3.403E-01), pi_Eu00=c(7.497E-01, 6.912E-01), pi_Eu01=c(8.166E-01, 7.610E-01), rate_lambda=8.682E-02, s=c(1.908E+01, 1.469E+01), shape_lambda=5.748E+00, varpi_B=c(5.305E-01, 1.672E-01), varpi_Eu=c(1.302E+00, 1.231E+00), lambda_tot=c(1.020E+02, 1.155E+02, 2.208E+02, 1.762E+02, 1.300E+02, 1.731E+02, 1.245E+02, 1.943E+02, 1.570E+02, 1.731E+02, 9.300E+01, 1.440E+02, 6.233E+01, 3.400E+01, 2.805E+02, 1.750E+02, 1.731E+02, 1.731E+02, 1.303E+02, 2.300E+01, 8.723E+01, 3.182E+02, 2.432E+02, 2.640E+02, 1.620E+02, 1.094E+02, 1.935E+02, 1.470E+02, 1.512E+02, 2.970E+02, 1.051E+02, 2.085E+02, 2.739E+02, 3.997E+02, 2.575E+02, 1.935E+02, 3.140E+02, 1.850E+02, 5.850E+01, 1.000E+02), logit_pi_Eu= structure(.Data= c(1.682E+00, 3.922E-02,   NA, -7.124E-01,   NA, -1.571E+00,   NA, -9.260E-01, 1.485E+00, -1.485E+00,   NA, -1.202E+00, 1.406E+00, 1.206E-01,   NA, -1.414E+00,   NA, -2.174E-01, -4.840E-01, -1.484E+00, 2.377E-01, -2.116E+00, -7.563E-01, -4.263E+00, 3.127E-01, 5.349E-02,   NA, 3.567E-01,   NA, -2.567E+00, -1.839E+00, -1.746E+00, -2.430E+00, -3.027E+00, -2.284E+00, -4.449E+00, 1.810E+00, -1.389E+00,   NA, 1.897E+00,   NA, -1.347E+00, 7.634E+00, -1.459E+00, 4.063E-01, 1.710E-01, -1.181E+00, -2.214E+00, 3.258E+00, -3.258E+00,   NA, 4.953E-01,   NA, -1.109E+00,   NA, -7.239E-01,   NA, -7.660E-01, 5.162E-01, -9.305E-01,   NA, 1.306E-01,   NA, -7.697E-01, 1.711E+00, -2.096E+00,   NA, -1.236E+00, 3.331E-01, -1.280E+00, 1.179E+00, -1.955E+00, 1.983E+00, -1.983E+00, 8.090E-01, -2.110E+00, 6.172E-01, 7.711E-01, -1.153E+00, -1.658E+00), .Dim=c(40, 2)), logit_pi_B= structure(.Data= c(-2.464E+00, -4.615E+00, -1.338E+00, -4.740E+00, -2.693E+00, -4.695E+00, -2.922E+00, -3.762E+00, -4.860E+00, -4.860E+00,   NA,   NA, -3.701E+00,   NA, -2.914E+00,   NA, -3.414E+00, -4.350E+00,   NA,   NA, -3.818E+00, -4.522E+00, -2.011E+00, -4.963E+00, -2.240E+00, -2.439E+00, -3.497E+00,   NA, -3.108E+00, -4.527E+00, -4.460E+00, -3.526E+00,   NA,   NA,   NA,   NA, -1.438E+00, -2.601E+00,   NA, -3.091E+00, -1.347E+00, -3.335E+00, -1.439E+00, -4.137E+00, -2.468E+00, -3.259E+00, -3.761E+00,   NA, -2.833E+00, -5.081E+00, -2.004E+00, -3.272E+00, -2.631E+00, -3.630E+00, -2.175E+00, -4.984E+00, -2.760E+00, -5.012E+00, -3.587E+00, -4.585E+00, -2.049E+00, -3.230E+00, -2.888E+00, -5.335E+00, -2.489E+00, -4.912E+00, -3.891E+00, -4.884E+00, -4.850E+00, -4.441E+00, -2.477E+00, -4.151E+00, -3.523E+00, -5.746E+00, -4.105E+00, -4.516E+00, -2.169E+00, -2.918E+00, -3.476E+00, -3.892E+00), .Dim=c(40, 2)), n= structure(.Data= c(6.400E+01, 3.900E+01, 9.300E+01, 2.300E+01, 1.910E+02, 3.100E+01, 1.410E+02, 3.600E+01, 1.060E+02, 2.400E+01, 1.490E+02, 2.500E+01, 7.500E+01, 5.000E+01, 1.680E+02, 2.700E+01, 1.230E+02, 3.500E+01, 1.170E+02, 5.700E+01, 7.800E+01, 1.500E+01, 1.380E+02, 6.000E+00, 3.300E+01, 3.000E+01, 2.400E+01, 1.000E+01, 2.660E+02, 1.500E+01, 8.400E+01, 9.100E+01, 1.110E+02, 6.300E+01, 1.540E+02, 2.000E+01, 1.060E+02, 2.500E+01, 1.300E+01, 1.000E+01, 7.300E+01, 1.500E+01, 2.680E+02, 5.100E+01, 1.280E+02, 1.160E+02, 1.860E+02, 7.800E+01, 1.560E+02, 6.000E+00, 7.500E+01, 3.600E+01, 1.580E+02, 3.600E+01, 1.230E+02, 2.400E+01, 1.220E+02, 3.000E+01, 2.050E+02, 9.300E+01, 7.400E+01, 3.200E+01, 1.590E+02, 5.000E+01, 2.430E+02, 3.200E+01, 3.450E+02, 5.600E+01, 1.880E+02, 7.000E+01, 1.670E+02, 2.700E+01, 2.760E+02, 3.800E+01, 1.600E+02, 2.500E+01, 2.900E+01, 3.000E+01, 6.000E+01, 4.000E+01), .Dim=c(40, 2)), p_male= structure(.Data= c(5.000E-01, 5.000E-01, 5.000E-01, 5.000E-01, 5.000E-01, 5.000E-01, 5.000E-01, 5.000E-01, 5.000E-01, 5.000E-01, 5.000E-01, 5.000E-01, 5.000E-01, 5.000E-01, 5.000E-01, 5.000E-01, 5.000E-01, 5.000E-01, 5.000E-01, 5.000E-01, 5.000E-01, 5.000E-01, 5.000E-01, 5.000E-01, 5.000E-01, 5.000E-01, 5.000E-01, 5.000E-01, 5.000E-01, 5.000E-01, 5.000E-01, 5.000E-01, 5.000E-01, 5.000E-01, 5.000E-01, 5.000E-01, 5.000E-01, 5.000E-01, 5.000E-01, 5.000E-01, 5.000E-01, 5.000E-01, 5.000E-01, 5.000E-01, 5.000E-01, 5.000E-01, 5.000E-01, 5.000E-01, 5.000E-01, 5.000E-01, 5.000E-01, 5.000E-01, 5.000E-01, 5.000E-01, 5.000E-01, 5.000E-01, 5.000E-01, 5.000E-01, 5.000E-01, 5.000E-01, 5.000E-01, 5.000E-01, 5.000E-01, 5.000E-01, 5.000E-01, 5.000E-01, 5.000E-01, 5.000E-01, 5.000E-01, 5.000E-01, 5.000E-01, 5.000E-01, 5.000E-01, 5.000E-01, 5.000E-01, 5.000E-01, 5.000E-01, 5.000E-01, 5.000E-01, 5.000E-01), .Dim=c(40, 2)), p_smp= structure(.Data= c(4.171E-02, 8.086E-01, 5.934E-01, 9.680E-01, 1.158E-01, 9.555E-01, 1.893E-01, 8.389E-01, 1.397E-01, 7.897E-01, 6.715E-02, 7.927E-01, 7.748E-02, 8.942E-01, 1.763E-01, 9.233E-01, 2.414E-01, 8.815E-01, 5.475E-03, 9.374E-01, 1.700E-01, 3.877E-01, 5.683E-02, 9.856E-01, 1.320E-01, 7.932E-01, 4.784E-01, 9.458E-01, 1.239E-01, 6.679E-01, 1.427E-01, 7.185E-01, 8.807E-02, 6.819E-01, 4.168E-01, 9.393E-01, 4.057E-01, 9.552E-01, 7.276E-02, 9.864E-01, 5.347E-02, 7.835E-01, 4.646E-02, 7.314E-01, 3.095E-01, 8.997E-01, 1.332E-01, 9.508E-01, 1.587E-01, 9.545E-01, 4.362E-02, 8.051E-01, 1.151E-01, 7.512E-01, 2.554E-02, 9.491E-01, 1.507E-01, 5.177E-01, 3.769E-03, 7.685E-01, 5.233E-02, 9.616E-01, 7.888E-02, 7.177E-01, 1.341E-01, 5.602E-01, 2.187E-02, 9.487E-01, 4.882E-02, 9.267E-01, 2.605E-02, 9.276E-01, 1.117E-01, 9.702E-01, 6.934E-02, 7.862E-01, 1.205E-01, 8.237E-01, 2.082E-01, 8.767E-01), .Dim=c(40, 2)))
