list(
Plambda = structure(.Data = c(
0.3135,0.4465,0.01898,0.2211,0.3269,
0.3183,0.06335,0.2914,0.4209,0.4477,
0.0215,0.1099,0.3021,0.4903,0.01603,
0.1915,0.3428,0.1995,0.1118,0.346,
0.4686,0.3927,0.02631,0.1124,0.3097,
0.4533,0.08474,0.1523,0.409,0.3509,
0.03578,0.2042,0.3748,0.4459,0.03,
0.1493,0.3773,0.5196,0.009036,0.09399,
0.3823,0.4415,0.03669,0.1395,0.3881,
0.416,0.02134,0.1746,0.392,0.5293,
0.01301,0.06575,0.3436,0.4561,0.04591,
0.1543,0.3874,0.4022,0.05738,0.153,
0.4267,0.3496,0.04435,0.1793,0.4839,
0.3704,0.03415,0.1116,0.39,0.3653,
0.03455,0.2102,0.4895,0.3701,0.02615,
0.1143,0.3685,0.3092,0.01539,0.3069,
0.4023,0.4821,0.006252,0.1093,0.3351,
0.3921,0.04771,0.2252,0.5351,0.3249,
0.02887,0.1112,0.4121,0.321,0.0183,
0.2486,0.3693,0.4282,0.01934,0.1831,
0.3935,0.2892,0.05319,0.2641,0.3662,
0.379,0.05999,0.1948,0.3695,0.3699,
0.004068,0.2565,0.3701,0.282,0.06176,
0.2862,0.3033,0.3812,0.0227,0.2928,
0.5072,0.2131,0.03389,0.2458,0.4132,
0.3425,0.01789,0.2264,0.535,0.2695,
0.0331,0.1624,0.4507,0.2965,0.02426,
0.2285,0.3698,0.4387,0.0116,0.1799),
.Dim = c(35,4)),
Plambda0 = c(
0.4377,0.3279,0.08895,0.1455),
a_1.1SW = 10.88,
a_2.1SW = 2.842,
a_MSW = c(
14.73,5.237,0.1328,0.2495,1.408),
alpha_1 = c(
1.588,0.5764,0.6975,0.5934,1.601,
0.3759,0.1983,0.5122,0.1964,0.8471,
0.6496,0.5107,0.9211,0.5976,1.717,
0.7646,0.78,1.356,1.171,1.7,
1.211,1.328,1.227,1.672,1.611,
1.518,1.056,0.7422,0.4152,0.8814,
0.9623,0.8452,0.4948,0.5035,0.4288),
alpha_2 = c(
            NA,            NA,            NA,            NA,            NA,
            NA,0.3921,0.5342,0.5543,0.9352,
0.9933,0.7718,0.5467,0.8075,0.8224,
0.9513,0.7098,0.7208,0.8829,1.117,
1.064,0.6936,1.4,1.257,1.655,
1.435,1.382,1.345,0.8395,0.8384,
1.461,1.422,0.8249,0.5336,1.607),
d_pi_Ol = -1.966,
d_pi_U = c(
-1.032,0.4659),
e_21 = structure(.Data = c(
            NA,            NA,            NA,            NA,            NA,
            NA,            NA,            NA,            NA,            NA,
            NA,            NA,            NA,            NA,            NA,
            NA,            NA,            NA,            NA,            NA,
            NA,            NA,            NA,            NA,24.0,
35.0,0.0,3.0,25.0,17.0,
1.0,7.0,35.0,33.0,0.0,
10.0,80.0,69.0,1.0,6.0,
43.0,35.0,2.0,8.0,35.0,
30.0,2.0,2.0,13.0,19.0,
0.0,5.0,11.0,24.0,1.0,
2.0,23.0,19.0,0.0,5.0,
21.0,22.0,3.0,4.0,34.0,
17.0,4.0,6.0,52.0,43.0,
1.0,12.0,69.0,77.0,1.0,
11.0,2.0,7.0,8.0,16.0,
7.0,3.0,            NA,3.0,13.0,
15.0,            NA,3.0,5.0,5.0,
2.0,6.0,14.0,10.0,2.0,
3.0,8.0,5.0,            NA,11.0,
18.0,9.0,            NA,11.0,38.0,
24.0,5.0,4.0,4.0,4.0,
3.0,7.0,17.0,14.0,0.0,
4.0,14.0,26.0,6.0,16.0,
11.0,2.0,2.0,10.0,13.0,
8.0,2.0,8.0,23.0,13.0,
2.0,15.0,15.0,13.0,1.0,
3.0,13.0,7.0,3.0,9.0),
.Dim = c(35,4)),
eta_1 = 2.077,
eta_2 = 7.297,
k_1 = 1.076,
k_2 = 2.024,
lambda_tot = c(
206.6,121.5,423.6,232.4,169.1,
343.4,321.9,234.9,246.1,578.6,
389.8,260.3,191.8,106.6,208.7,
185.5,180.3,195.6,447.9,53.68,
104.6,125.3,58.62,98.92,77.92,
99.25,177.5,61.08,139.6,146.6,
104.1,84.69,79.48,86.89,39.24),
lambda_tot0 = 165.6,
logit_p_11_1 = c(
-1.607,-1.607,-0.7688,-1.226,-1.196,
-0.4319,-1.511,-0.7924),
logit_p_11_2 = c(
            NA,            NA,            NA,            NA,            NA,
            NA,            NA,            NA,-1.532,-1.662,
-1.471,-1.712,-2.815,-2.453,-2.629,
-2.19,-2.257,-1.966,-1.982,-1.607,
-2.044,-1.506,-1.557,-1.623,-2.097,
-1.361,-1.697,-1.75,-2.414,-2.467,
-3.101,-1.707,-2.679,-2.473,-2.457),
logit_p_21 = c(
            NA,            NA,            NA,            NA,            NA,
            NA,0.7758,0.9838,1.015,0.2829,
0.3617,0.4371,-0.9243,0.6593,0.1018,
0.0417,0.1252,1.044,1.065,1.221,
0.5088,0.0874,0.2879,1.486,1.23,
1.559,0.8134,-0.5163,0.7249,0.4246,
-0.8811,0.897,1.613,0.341,0.7635),
logit_p_n12 = structure(.Data = c(
            NA,            NA,            NA,            NA,            NA,
            NA,            NA,            NA,            NA,            NA,
            NA,            NA,            NA,            NA,            NA,
            NA,            NA,            NA,            NA,            NA,
            NA,            NA,            NA,            NA,            NA,
            NA,            NA,            NA,            NA,            NA,
            NA,            NA,1.245,0.3715,-0.08634,
-0.9117,2.413,0.4301,-0.02106,-0.5075,
1.0,-0.2164,0.9165,-0.8229,1.951,
0.5473,-0.4309,-1.761,0.4038,1.476,
0.4092,-0.06717,0.8298,0.6123,0.9544,
-0.6533,0.9491,0.8059,0.8418,0.2824,
1.743,1.296,0.8749,0.289,1.993,
0.375,0.1995,0.3192,1.807,1.093,
-0.2556,0.895,0.3393,0.3928,-0.2176,
-0.0664,1.767,1.067,0.5798,0.4009,
0.4681,-0.3162,-0.00708,-0.7182,1.055,
1.003,0.5821,0.3205,0.2424,0.7548,
0.9784,-0.7411,1.112,0.9134,0.7148,
0.3354,0.3303,0.1549,0.2843,0.3882,
0.8162,0.683,0.5869,0.1883,1.323,
0.6574,0.9406,0.04261,1.279,0.4918,
1.775,-0.2178,0.655,0.6091,0.9339,
-0.07836,2.225,0.3502,0.9211,1.694,
0.02615,0.02353,0.6295,0.1707,0.9918,
0.6588,-0.2808,-0.6088,0.2293,0.9618,
2.044,1.158,0.8569,0.5865,1.85,
1.077,1.375,0.2238,0.7185,0.3463),
.Dim = c(35,4)),
logit_pi_EF = c(
-0.6434,-1.908,-1.969,-0.4474,-0.2806,
-1.625,-1.337,-1.402),
logit_pi_Ol = c(
            NA,            NA,            NA,            NA,            NA,
            NA,            NA,            NA,            NA,            NA,
            NA,            NA,            NA,            NA,            NA,
            NA,-2.407,            NA,            NA,            NA,
            NA,            NA,            NA,            NA,            NA,
            NA,            NA,            NA,0.4048,0.4165,
-0.04244,-0.7473,-0.4424,0.4352,-0.2785),
logit_pi_U = structure(.Data = c(
2.587,0.9971,2.407,2.072,2.026,
2.127,1.828,1.48,1.983,1.778,
1.902,1.228,1.877,1.71,2.105,
0.6662,2.093,2.158,1.734,1.028,
1.898,0.9508,2.625,0.4508,2.491,
1.494,2.704,0.9721,2.39,-0.1726,
1.927,1.051,1.548,0.519,1.717,
0.9914,1.414,1.983,2.651,2.415,
3.002,1.286,2.266,1.588,2.224,
1.052,2.249,0.8507,1.574,1.963,
1.886,1.45,2.518,0.6163,1.664,
1.882,-1.288,0.5073,0.8721,1.039,
-0.2024,0.7032,-0.007528,1.196,-0.4478,
0.8569,0.36,1.3,0.3404,1.761),
.Dim = c(35,2)),
mup_11_1 = 0.2226,
mup_11_2 = 0.1099,
mup_21 = 0.6376,
mup_n12 = c(
0.7787,0.6494,0.6303,0.5349),
mupi_EF = 0.2275,
mupi_U = c(
0.8941,0.765),
n = structure(.Data = c(
56.0,100.0,10.0,20.0,42.0,
37.0,7.0,39.0,176.0,185.0,
12.0,35.0,75.0,124.0,10.0,
44.0,60.0,45.0,3.0,33.0,
153.0,135.0,20.0,60.0,113.0,
156.0,15.0,32.0,89.0,87.0,
20.0,54.0,100.0,110.0,8.0,
45.0,199.0,265.0,8.0,37.0,
151.0,193.0,5.0,55.0,85.0,
101.0,12.0,54.0,69.0,98.0,
6.0,45.0,41.0,71.0,1.0,
14.0,85.0,76.0,2.0,13.0,
75.0,68.0,7.0,31.0,83.0,
61.0,9.0,33.0,91.0,87.0,
5.0,22.0,183.0,192.0,5.0,
36.0,12.0,16.0,13.0,52.0,
43.0,48.0,2.0,19.0,41.0,
48.0,0.0,13.0,26.0,21.0,
5.0,29.0,30.0,33.0,5.0,
12.0,22.0,30.0,2.0,24.0,
34.0,20.0,2.0,21.0,73.0,
68.0,10.0,22.0,18.0,26.0,
14.0,31.0,52.0,37.0,1.0,
16.0,34.0,53.0,13.0,34.0,
59.0,17.0,7.0,45.0,38.0,
28.0,7.0,31.0,51.0,18.0,
2.0,23.0,43.0,28.0,3.0,
13.0,19.0,17.0,5.0,21.0),
.Dim = c(35,4)),