list(lambda_tot0=9.552E+01, logit_flow_Eu=c(-7.787E-01, -2.225E-01), lflow_fall_Eu=c(-2.383E-01, -8.180E-01), logit_int_Eu=c(4.377E-01, 8.923E-02), mupi_B=c(4.706E-01, 3.991E-01), pi_Eu00=c(1.768E-01, 4.756E-01), pi_Eu01=c(1.346E-01, 3.706E-01), rate_lambda=7.751E-02, s=c(1.984E+01, 2.016E+00), shape_lambda=5.225E+00, varpi_B=c(4.097E-01, 3.661E-01), varpi_Eu=c(8.905E-01, 1.039E+00), lambda_tot=c(1.020E+02, 1.155E+02, 2.208E+02, 1.762E+02, 1.300E+02, 1.701E+02, 1.245E+02, 1.943E+02, 1.570E+02, 1.701E+02, 9.300E+01, 1.440E+02, 6.233E+01, 3.400E+01, 2.805E+02, 1.750E+02, 1.701E+02, 1.701E+02, 1.303E+02, 2.300E+01, 8.723E+01, 3.182E+02, 2.432E+02, 2.640E+02, 1.620E+02, 1.094E+02, 1.935E+02, 1.470E+02, 1.512E+02, 2.970E+02, 1.051E+02, 2.085E+02, 2.739E+02, 3.997E+02, 2.575E+02, 1.935E+02, 3.140E+02, 1.850E+02, 5.850E+01, 1.200E+02, 4.200E+01), logit_pi_Eu= structure(.Data= c(1.682E+00, 3.922E-02,   NA, -7.124E-01,   NA, -1.571E+00,   NA, -9.260E-01, 1.485E+00, -1.485E+00,   NA, -1.179E+00, 1.406E+00, 1.206E-01,   NA, -1.414E+00,   NA, -2.174E-01, -4.555E-01, -1.462E+00, 2.377E-01, -2.116E+00, -7.563E-01, -4.263E+00, 3.127E-01, 5.349E-02,   NA, 3.567E-01,   NA, -2.567E+00, -1.839E+00, -1.746E+00, -2.411E+00, -3.009E+00, -2.265E+00, -4.431E+00, 1.810E+00, -1.389E+00,   NA, 1.897E+00,   NA, -1.347E+00, 7.634E+00, -1.459E+00, 4.063E-01, 1.710E-01, -1.181E+00, -2.214E+00, 3.258E+00, -3.258E+00,   NA, 4.953E-01,   NA, -1.109E+00,   NA, -7.239E-01,   NA, -7.660E-01, 5.162E-01, -9.305E-01,   NA, 1.306E-01,   NA, -7.697E-01, 1.711E+00, -2.096E+00,   NA, -1.236E+00, 3.331E-01, -1.280E+00, 1.179E+00, -1.955E+00, 1.983E+00, -1.983E+00, 8.090E-01, -2.110E+00, 6.172E-01, 7.711E-01, -1.386E+00, -1.872E+00, 4.855E-01, -2.996E+00), .Dim=c(41, 2)), logit_pi_B= structure(.Data= c(-2.464E+00, -4.615E+00, -1.338E+00, -4.740E+00, -2.693E+00, -4.695E+00, -2.922E+00, -3.762E+00, -4.860E+00, -4.860E+00,   NA,   NA, -3.701E+00,   NA, -2.914E+00,   NA, -3.414E+00, -4.350E+00,   NA,   NA, -3.818E+00, -4.522E+00, -2.011E+00, -4.963E+00, -2.240E+00, -2.439E+00, -3.497E+00,   NA, -3.108E+00, -4.527E+00, -4.460E+00, -3.526E+00,   NA,   NA,   NA,   NA, -1.438E+00, -2.601E+00,   NA, -3.091E+00, -1.347E+00, -3.335E+00, -1.439E+00, -4.137E+00, -2.468E+00, -3.259E+00, -3.761E+00,   NA, -2.833E+00, -5.081E+00, -2.004E+00, -3.272E+00, -2.631E+00, -3.630E+00, -2.175E+00, -4.984E+00, -2.760E+00, -5.012E+00, -3.587E+00, -4.585E+00, -2.049E+00, -3.230E+00, -2.888E+00, -5.335E+00, -2.489E+00, -4.912E+00, -3.891E+00, -4.884E+00, -4.850E+00, -4.441E+00, -2.477E+00, -4.151E+00, -3.523E+00, -5.746E+00, -4.105E+00, -4.516E+00, -2.169E+00, -2.918E+00, -3.664E+00, -3.664E+00, -2.565E+00,   NA), .Dim=c(41, 2)), n= structure(.Data= c(6.400E+01, 3.900E+01, 9.300E+01, 2.300E+01, 1.910E+02, 3.100E+01, 1.410E+02, 3.600E+01, 1.060E+02, 2.400E+01, 1.460E+02, 2.500E+01, 7.500E+01, 5.000E+01, 1.680E+02, 2.700E+01, 1.230E+02, 3.500E+01, 1.150E+02, 5.600E+01, 7.800E+01, 1.500E+01, 1.380E+02, 6.000E+00, 3.300E+01, 3.000E+01, 2.400E+01, 1.000E+01, 2.660E+02, 1.500E+01, 8.400E+01, 9.100E+01, 1.090E+02, 6.200E+01, 1.520E+02, 1.900E+01, 1.060E+02, 2.500E+01, 1.300E+01, 1.000E+01, 7.300E+01, 1.500E+01, 2.680E+02, 5.100E+01, 1.280E+02, 1.160E+02, 1.860E+02, 7.800E+01, 1.560E+02, 6.000E+00, 7.500E+01, 3.600E+01, 1.580E+02, 3.600E+01, 1.230E+02, 2.400E+01, 1.220E+02, 3.000E+01, 2.050E+02, 9.300E+01, 7.400E+01, 3.200E+01, 1.590E+02, 5.000E+01, 2.430E+02, 3.200E+01, 3.450E+02, 5.600E+01, 1.880E+02, 7.000E+01, 1.670E+02, 2.700E+01, 2.760E+02, 3.800E+01, 1.600E+02, 2.500E+01, 2.900E+01, 3.000E+01, 7.200E+01, 4.800E+01, 3.900E+01, 3.000E+00), .Dim=c(41, 2)), p_male= structure(.Data= c(5.000E-01, 5.000E-01, 5.000E-01, 5.000E-01, 5.000E-01, 5.000E-01, 5.000E-01, 5.000E-01, 5.000E-01, 5.000E-01, 5.000E-01, 5.000E-01, 5.000E-01, 5.000E-01, 5.000E-01, 5.000E-01, 5.000E-01, 5.000E-01, 5.000E-01, 5.000E-01, 5.000E-01, 5.000E-01, 5.000E-01, 5.000E-01, 5.000E-01, 5.000E-01, 5.000E-01, 5.000E-01, 5.000E-01, 5.000E-01, 5.000E-01, 5.000E-01, 5.000E-01, 5.000E-01, 5.000E-01, 5.000E-01, 5.000E-01, 5.000E-01, 5.000E-01, 5.000E-01, 5.000E-01, 5.000E-01, 5.000E-01, 5.000E-01, 5.000E-01, 5.000E-01, 5.000E-01, 5.000E-01, 5.000E-01, 5.000E-01, 5.000E-01, 5.000E-01, 5.000E-01, 5.000E-01, 5.000E-01, 5.000E-01, 5.000E-01, 5.000E-01, 5.000E-01, 5.000E-01, 5.000E-01, 5.000E-01, 5.000E-01, 5.000E-01, 5.000E-01, 5.000E-01, 5.000E-01, 5.000E-01, 5.000E-01, 5.000E-01, 5.000E-01, 5.000E-01, 5.000E-01, 5.000E-01, 5.000E-01, 5.000E-01, 5.000E-01, 5.000E-01, 5.000E-01, 5.000E-01, 5.000E-01, 5.000E-01), .Dim=c(41, 2)), p_smp= structure(.Data= c(4.644E-01, 5.655E-01, 1.459E-01, 9.124E-01, 1.335E-01, 8.444E-01, 6.216E-02, 9.392E-01, 2.635E-01, 9.069E-01, 5.500E-02, 7.601E-01, 2.341E-01, 9.485E-01, 1.826E-01, 9.720E-01, 2.163E-01, 9.701E-01, 1.149E-01, 7.460E-01, 7.426E-02, 9.030E-01, 9.300E-02, 9.940E-01, 1.795E-01, 6.124E-01, 9.390E-02, 9.264E-01, 8.920E-02, 5.172E-01, 4.899E-02, 6.382E-01, 4.712E-01, 6.707E-01, 1.561E-01, 8.367E-01, 3.490E-02, 8.535E-01, 3.906E-02, 9.488E-01, 8.333E-03, 9.891E-01, 5.478E-01, 8.539E-01, 1.817E-01, 8.293E-01, 1.442E-01, 9.539E-01, 6.955E-02, 5.043E-01, 2.739E-01, 6.301E-01, 1.130E-01, 9.439E-01, 2.817E-02, 8.745E-01, 1.110E-01, 4.947E-01, 3.454E-02, 8.425E-01, 2.552E-02, 7.867E-01, 1.721E-01, 7.974E-01, 4.500E-02, 6.499E-01, 2.311E-01, 8.621E-01, 8.880E-04, 7.742E-01, 1.685E-01, 9.403E-01, 6.187E-02, 9.740E-01, 8.360E-04, 8.488E-01, 5.986E-02, 7.524E-01, 3.037E-01, 5.967E-01, 3.957E-01, 8.159E-01), .Dim=c(41, 2)))
