list(lambda_tot0=1.070E+02, logit_flow_Eu=c(-1.072E-01, -9.964E-01), lflow_fall_Eu=c(-1.533E-01, -8.090E-01), logit_int_Eu=c(7.755E-01, 3.890E-02), mupi_B=c(4.196E-01, 3.696E-01), pi_Eu00=c(3.656E-01, 8.381E-01), pi_Eu01=c(8.644E-01, 5.960E-01), rate_lambda=7.758E-02, s=c(3.291E+00, 1.910E+01), shape_lambda=5.990E+00, varpi_B=c(4.185E-01, 5.181E-01), varpi_Eu=c(1.118E+00, 6.699E-01), lambda_tot=c(1.020E+02, 1.155E+02, 2.208E+02, 1.762E+02, 1.300E+02, 1.701E+02, 1.245E+02, 1.943E+02, 1.570E+02, 1.701E+02, 9.300E+01, 1.440E+02, 6.233E+01, 3.400E+01, 2.805E+02, 1.750E+02, 1.701E+02, 1.701E+02, 1.303E+02, 2.300E+01, 8.723E+01, 3.182E+02, 2.432E+02, 2.640E+02, 1.620E+02, 1.094E+02, 1.935E+02, 1.470E+02, 1.512E+02, 2.970E+02, 1.051E+02, 2.085E+02, 2.739E+02, 3.997E+02, 2.575E+02, 1.935E+02, 3.140E+02, 1.850E+02, 5.850E+01, 1.200E+02, 4.200E+01), logit_pi_Eu= structure(.Data= c(1.682E+00, 3.922E-02,   NA, -7.124E-01,   NA, -1.571E+00,   NA, -9.260E-01, 1.485E+00, -1.485E+00,   NA, -1.179E+00, 1.406E+00, 1.206E-01,   NA, -1.414E+00,   NA, -2.174E-01, -4.555E-01, -1.462E+00, 2.377E-01, -2.116E+00, -7.563E-01, -4.263E+00, 3.127E-01, 5.349E-02,   NA, 3.567E-01,   NA, -2.567E+00, -1.839E+00, -1.746E+00, -2.411E+00, -3.009E+00, -2.265E+00, -4.431E+00, 1.810E+00, -1.389E+00,   NA, 1.897E+00,   NA, -1.347E+00, 7.634E+00, -1.459E+00, 4.063E-01, 1.710E-01, -1.181E+00, -2.214E+00, 3.258E+00, -3.258E+00,   NA, 4.953E-01,   NA, -1.109E+00,   NA, -7.239E-01,   NA, -7.660E-01, 5.162E-01, -9.305E-01,   NA, 1.306E-01,   NA, -7.697E-01, 1.711E+00, -2.096E+00,   NA, -1.236E+00, 3.331E-01, -1.280E+00, 1.179E+00, -1.955E+00, 1.983E+00, -1.983E+00, 8.090E-01, -2.110E+00, 6.172E-01, 7.711E-01, -1.386E+00, -1.872E+00, 4.855E-01, -2.996E+00), .Dim=c(41, 2)), logit_pi_B= structure(.Data= c(-2.464E+00, -4.615E+00, -1.338E+00, -4.740E+00, -2.693E+00, -4.695E+00, -2.922E+00, -3.762E+00, -4.860E+00, -4.860E+00,   NA,   NA, -3.701E+00,   NA, -2.914E+00,   NA, -3.414E+00, -4.350E+00,   NA,   NA, -3.818E+00, -4.522E+00, -2.011E+00, -4.963E+00, -2.240E+00, -2.439E+00, -3.497E+00,   NA, -3.108E+00, -4.527E+00, -4.460E+00, -3.526E+00,   NA,   NA,   NA,   NA, -1.438E+00, -2.601E+00,   NA, -3.091E+00, -1.347E+00, -3.335E+00, -1.439E+00, -4.137E+00, -2.468E+00, -3.259E+00, -3.761E+00,   NA, -2.833E+00, -5.081E+00, -2.004E+00, -3.272E+00, -2.631E+00, -3.630E+00, -2.175E+00, -4.984E+00, -2.760E+00, -5.012E+00, -3.587E+00, -4.585E+00, -2.049E+00, -3.230E+00, -2.888E+00, -5.335E+00, -2.489E+00, -4.912E+00, -3.891E+00, -4.884E+00, -4.850E+00, -4.441E+00, -2.477E+00, -4.151E+00, -3.523E+00, -5.746E+00, -4.105E+00, -4.516E+00, -2.169E+00, -2.918E+00, -3.664E+00, -3.664E+00, -2.565E+00,   NA), .Dim=c(41, 2)), n= structure(.Data= c(6.400E+01, 3.900E+01, 9.300E+01, 2.300E+01, 1.910E+02, 3.100E+01, 1.410E+02, 3.600E+01, 1.060E+02, 2.400E+01, 1.460E+02, 2.500E+01, 7.500E+01, 5.000E+01, 1.680E+02, 2.700E+01, 1.230E+02, 3.500E+01, 1.150E+02, 5.600E+01, 7.800E+01, 1.500E+01, 1.380E+02, 6.000E+00, 3.300E+01, 3.000E+01, 2.400E+01, 1.000E+01, 2.660E+02, 1.500E+01, 8.400E+01, 9.100E+01, 1.090E+02, 6.200E+01, 1.520E+02, 1.900E+01, 1.060E+02, 2.500E+01, 1.300E+01, 1.000E+01, 7.300E+01, 1.500E+01, 2.680E+02, 5.100E+01, 1.280E+02, 1.160E+02, 1.860E+02, 7.800E+01, 1.560E+02, 6.000E+00, 7.500E+01, 3.600E+01, 1.580E+02, 3.600E+01, 1.230E+02, 2.400E+01, 1.220E+02, 3.000E+01, 2.050E+02, 9.300E+01, 7.400E+01, 3.200E+01, 1.590E+02, 5.000E+01, 2.430E+02, 3.200E+01, 3.450E+02, 5.600E+01, 1.880E+02, 7.000E+01, 1.670E+02, 2.700E+01, 2.760E+02, 3.800E+01, 1.600E+02, 2.500E+01, 2.900E+01, 3.000E+01, 7.200E+01, 4.800E+01, 3.900E+01, 3.000E+00), .Dim=c(41, 2)), p_male= structure(.Data= c(5.000E-01, 5.000E-01, 5.000E-01, 5.000E-01, 5.000E-01, 5.000E-01, 5.000E-01, 5.000E-01, 5.000E-01, 5.000E-01, 5.000E-01, 5.000E-01, 5.000E-01, 5.000E-01, 5.000E-01, 5.000E-01, 5.000E-01, 5.000E-01, 5.000E-01, 5.000E-01, 5.000E-01, 5.000E-01, 5.000E-01, 5.000E-01, 5.000E-01, 5.000E-01, 5.000E-01, 5.000E-01, 5.000E-01, 5.000E-01, 5.000E-01, 5.000E-01, 5.000E-01, 5.000E-01, 5.000E-01, 5.000E-01, 5.000E-01, 5.000E-01, 5.000E-01, 5.000E-01, 5.000E-01, 5.000E-01, 5.000E-01, 5.000E-01, 5.000E-01, 5.000E-01, 5.000E-01, 5.000E-01, 5.000E-01, 5.000E-01, 5.000E-01, 5.000E-01, 5.000E-01, 5.000E-01, 5.000E-01, 5.000E-01, 5.000E-01, 5.000E-01, 5.000E-01, 5.000E-01, 5.000E-01, 5.000E-01, 5.000E-01, 5.000E-01, 5.000E-01, 5.000E-01, 5.000E-01, 5.000E-01, 5.000E-01, 5.000E-01, 5.000E-01, 5.000E-01, 5.000E-01, 5.000E-01, 5.000E-01, 5.000E-01, 5.000E-01, 5.000E-01, 5.000E-01, 5.000E-01, 5.000E-01, 5.000E-01), .Dim=c(41, 2)), p_smp= structure(.Data= c(1.803E-01, 4.746E-01, 1.799E-02, 5.486E-01, 3.001E-01, 8.194E-01, 3.539E-01, 7.484E-01, 1.916E-01, 9.609E-01, 1.335E-01, 9.050E-01, 5.366E-03, 8.905E-01, 1.901E-01, 9.343E-01, 2.771E-01, 6.443E-01, 1.394E-01, 9.597E-01, 8.535E-02, 8.151E-01, 1.612E-01, 9.831E-01, 1.739E-02, 9.128E-01, 2.370E-01, 9.751E-01, 2.825E-03, 7.377E-01, 4.131E-01, 8.319E-01, 1.160E-02, 8.949E-01, 2.861E-01, 9.898E-01, 2.683E-01, 6.040E-01, 1.357E-01, 6.284E-01, 1.078E-01, 9.379E-01, 2.337E-01, 7.806E-01, 3.109E-01, 7.450E-01, 2.312E-01, 9.860E-01, 5.327E-03, 9.800E-01, 1.555E-01, 8.205E-01, 7.532E-02, 6.065E-01, 1.907E-01, 9.222E-01, 3.762E-02, 9.987E-01, 3.228E-01, 2.513E-01, 3.582E-01, 9.030E-01, 3.262E-01, 7.495E-01, 3.043E-01, 9.551E-01, 1.054E-01, 9.388E-01, 5.704E-02, 7.259E-01, 1.181E-02, 9.346E-01, 9.517E-02, 9.464E-01, 3.710E-01, 9.629E-01, 6.656E-02, 6.155E-01, 1.709E-01, 7.392E-01, 1.342E-01, 9.469E-01), .Dim=c(41, 2)))
