list(Y=3.900E+01, R_EF= structure(.Data= c(2.000E+00, 2.000E+00, 0.000E+00, 0.000E+00, 0.000E+00, 0.000E+00, 0.000E+00, 2.000E+00, 6.000E+00, 8.000E+00, 1.000E+00, 1.000E+00, 6.000E+00, 1.100E+01, 0.000E+00, 4.000E+00, 4.000E+00, 2.000E+00, 0.000E+00, 3.000E+00, 3.000E+00, 3.000E+00, 2.000E+00, 5.000E+00, 1.000E+01, 4.000E+00, 0.000E+00, 0.000E+00, 1.000E+00, 2.000E+00, 0.000E+00, 0.000E+00), .Dim=c(8, 4)), M_EF= structure(.Data= c(  NA,   NA,   NA,   NA,   NA,   NA,   NA,   NA,   NA,   NA,   NA,   NA,   NA,   NA,   NA,   NA,   NA,   NA,   NA,   NA,   NA,   NA,   NA,   NA, 1.600E+01, 1.100E+01, 0.000E+00, 1.000E+00, 4.000E+00, 4.000E+00, 0.000E+00, 7.000E+00), .Dim=c(8, 4)), Cm_EF= structure(.Data= c(2.000E+00, 5.000E+00, 2.000E+00, 1.000E+00, 0.000E+00, 1.000E+00, 0.000E+00, 4.000E+00, 4.000E+00, 7.000E+00, 1.000E+00, 2.000E+00, 6.000E+00, 8.000E+00, 1.000E+00, 6.000E+00, 1.000E+01, 9.000E+00, 0.000E+00, 0.000E+00, 4.000E+00, 5.000E+00, 1.000E+00, 4.000E+00, 1.900E+01, 1.500E+01, 0.000E+00, 2.000E+00, 5.000E+00, 6.000E+00, 0.000E+00, 6.000E+00), .Dim=c(8, 4)), Cum_EF= structure(.Data= c(3.000E+00, 0.000E+00, 0.000E+00, 0.000E+00, 0.000E+00, 0.000E+00, 0.000E+00, 0.000E+00, 3.000E+00, 3.000E+00, 0.000E+00, 0.000E+00, 2.000E+00, 4.000E+00, 0.000E+00, 1.000E+00, 6.000E+00, 3.000E+00, 0.000E+00, 3.000E+00, 1.000E+00, 1.000E+00, 1.000E+00, 2.000E+00, 7.000E+00, 1.000E+00, 0.000E+00, 0.000E+00, 0.000E+00, 0.000E+00, 0.000E+00, 3.000E+00), .Dim=c(8, 4)), OMEGA= structure(.Data= c(2.000E+01, 2.100E+01,   NA,   NA,   NA, 7.000E+00, 1.300E+01,   NA,   NA,   NA, 2.400E+01, 2.300E+01,   NA,   NA,   NA, 1.000E+01, 2.500E+01,   NA,   NA,   NA, 2.700E+01, 4.000E+01,   NA,   NA,   NA, 2.900E+01, 1.700E+01,   NA,   NA,   NA, 3.000E+00, 1.000E+01,   NA, 1.700E+01, 1.000E+00, 1.800E+01, 2.800E+01,   NA, 2.700E+01, 4.000E+00, 5.000E+00, 6.000E+00,   NA, 1.900E+01, 1.600E+01, 2.500E+01, 6.100E+01,   NA, 8.800E+01, 5.600E+01, 2.300E+01, 4.900E+01,   NA, 6.100E+01, 3.200E+01, 1.000E+01, 3.300E+01,   NA, 4.700E+01, 2.800E+01, 1.000E+00, 1.800E+01,   NA, 1.300E+01, 4.000E+01, 1.000E+00, 1.600E+01,   NA, 2.200E+01, 2.200E+01, 8.000E+00, 2.400E+01,   NA, 3.000E+01, 3.400E+01, 6.000E+00, 1.900E+01,   NA, 3.800E+01, 2.700E+01, 4.000E+00, 2.400E+01,   NA, 3.000E+01, 2.900E+01, 1.800E+01, 3.200E+01,   NA, 6.600E+01, 1.700E+01, 2.100E+01, 5.700E+01,   NA, 8.800E+01, 2.900E+01, 1.400E+01, 3.200E+01,   NA, 3.300E+01, 1.100E+01, 1.100E+01, 2.900E+01,   NA, 1.300E+01, 1.100E+01, 1.500E+01, 2.400E+01,   NA, 2.000E+01, 7.000E+00, 1.400E+01, 2.600E+01,   NA, 2.800E+01, 6.000E+00, 1.300E+01, 2.000E+01,   NA, 2.500E+01, 1.000E+01, 1.000E+01, 2.400E+01,   NA, 3.200E+01, 1.800E+01, 6.000E+00, 1.300E+01,   NA, 4.700E+01, 5.000E+00, 1.200E+01, 2.000E+01,   NA, 6.100E+01, 3.900E+01, 4.000E+00, 2.100E+01,   NA, 2.800E+01, 3.100E+01, 0.000E+00, 8.000E+00,   NA, 3.100E+01, 1.800E+01, 2.000E+00, 2.100E+01,   NA, 6.300E+01, 2.700E+01, 0.000E+00, 2.300E+01,   NA, 3.400E+01, 2.500E+01, 5.000E+00, 1.800E+01,   NA, 4.000E+01, 2.000E+01, 0.000E+00, 5.000E+00,   NA, 3.400E+01, 8.000E+00, 0.000E+00, 2.000E+00,   NA, 1.200E+01, 1.300E+01, 1.000E+00, 8.000E+00,   NA, 4.700E+01, 1.900E+01, 1.000E+00, 8.000E+00,   NA, 1.500E+01, 5.000E+00, 0.000E+00, 1.500E+01,   NA, 1.700E+01, 2.200E+01, 0.000E+00, 6.000E+00,   NA, 1.000E+01, 2.000E+00, 3.000E+00, 7.000E+00,   NA, 4.000E+01, 6.000E+00), .Dim=c(39, 5)), Q=c(7.620E+00, 1.660E+00, 1.010E+01, 3.380E+00, 2.460E+00, 1.010E+00, 1.080E+01, 2.850E+00, 1.110E+01, 9.910E+00, 6.080E+00, 3.220E+00, 1.150E+01, 8.570E+00, 5.770E+00, 5.180E+00, 4.740E+00, 1.030E+00, 1.410E+01, 6.460E+00, 5.800E+00, 7.740E+00, 3.890E+00, 4.560E+00, 1.100E+01, 5.700E+00, 6.500E+00, 6.100E+00, 2.400E+00, 3.500E+00, 9.400E+00, 2.250E+00, 1.990E+00, 1.180E+01, 4.280E+00, 1.212E+01, 1.504E+01, 1.885E+01, 4.770E+00), eff_Ux=c(  NA,   NA,   NA,   NA,   NA,   NA,   NA,   NA,   NA,   NA,   NA,   NA,   NA,   NA,   NA,   NA,   NA,   NA,   NA,   NA,   NA,   NA,   NA,   NA,   NA,   NA,   NA,   NA, 7.767E-01, 8.333E-01, 8.367E-01, 8.267E-01, 8.733E-01, 8.767E-01, 8.967E-01, 8.567E-01, 7.933E-01, 8.900E-01, 9.467E-01), eff_Ol=c(  NA,   NA,   NA,   NA,   NA,   NA,   NA,   NA,   NA,   NA,   NA,   NA,   NA,   NA,   NA,   NA, 3.000E-02,   NA,   NA,   NA,   NA,   NA,   NA,   NA,   NA,   NA,   NA,   NA, 8.646E-01, 8.681E-01, 8.715E-01, 8.542E-01, 9.132E-01, 9.306E-01, 9.375E-01, 8.958E-01, 8.333E-01, 9.444E-01, 8.750E-01), D_11= structure(.Data= c(0.000E+00, 0.000E+00, 0.000E+00, 0.000E+00, 0.000E+00, 0.000E+00, 1.000E+00, 0.000E+00, 0.000E+00, 0.000E+00, 0.000E+00, 0.000E+00, 0.000E+00, 0.000E+00, 1.000E+00, 0.000E+00, 0.000E+00, 1.000E+00, 0.000E+00, 3.000E+00, 2.000E+00, 4.000E+00, 0.000E+00, 1.000E+00, 0.000E+00, 0.000E+00, 0.000E+00, 0.000E+00, 0.000E+00, 0.000E+00, 0.000E+00, 0.000E+00, 0.000E+00, 0.000E+00, 0.000E+00, 0.000E+00, 0.000E+00, 0.000E+00, 0.000E+00, 0.000E+00, 0.000E+00, 0.000E+00, 0.000E+00, 0.000E+00, 0.000E+00, 0.000E+00, 0.000E+00, 0.000E+00, 0.000E+00, 0.000E+00, 0.000E+00, 0.000E+00, 0.000E+00, 0.000E+00, 0.000E+00, 0.000E+00, 0.000E+00, 0.000E+00, 0.000E+00, 0.000E+00, 0.000E+00, 0.000E+00, 0.000E+00, 0.000E+00, 0.000E+00, 0.000E+00, 0.000E+00, 0.000E+00, 0.000E+00, 0.000E+00, 0.000E+00, 0.000E+00, 0.000E+00, 0.000E+00, 0.000E+00, 0.000E+00, 0.000E+00, 0.000E+00, 0.000E+00, 0.000E+00, 0.000E+00, 0.000E+00, 0.000E+00, 0.000E+00, 0.000E+00, 0.000E+00, 0.000E+00, 0.000E+00, 0.000E+00, 0.000E+00, 0.000E+00, 0.000E+00, 0.000E+00, 0.000E+00, 0.000E+00, 0.000E+00, 0.000E+00, 0.000E+00, 0.000E+00, 0.000E+00, 0.000E+00, 0.000E+00, 0.000E+00, 0.000E+00, 0.000E+00, 0.000E+00, 0.000E+00, 0.000E+00, 0.000E+00, 0.000E+00, 0.000E+00, 0.000E+00, 0.000E+00, 0.000E+00, 0.000E+00, 0.000E+00, 0.000E+00, 0.000E+00, 0.000E+00, 0.000E+00, 0.000E+00, 0.000E+00, 0.000E+00, 0.000E+00, 0.000E+00, 0.000E+00, 0.000E+00, 0.000E+00, 0.000E+00, 0.000E+00, 0.000E+00, 0.000E+00, 0.000E+00, 0.000E+00, 0.000E+00, 0.000E+00, 0.000E+00, 0.000E+00, 0.000E+00, 0.000E+00, 0.000E+00, 0.000E+00, 0.000E+00, 0.000E+00, 0.000E+00, 0.000E+00, 0.000E+00, 0.000E+00, 0.000E+00, 0.000E+00, 0.000E+00, 0.000E+00, 0.000E+00, 0.000E+00, 0.000E+00, 0.000E+00), .Dim=c(39, 4)), D_12= structure(.Data= c(0.000E+00, 2.000E+00, 0.000E+00, 1.000E+00, 0.000E+00, 0.000E+00, 0.000E+00, 1.000E+00, 1.000E+00, 2.000E+00, 0.000E+00, 0.000E+00, 2.000E+00, 0.000E+00, 0.000E+00, 3.000E+00, 1.000E+00, 0.000E+00, 0.000E+00, 0.000E+00, 0.000E+00, 0.000E+00, 0.000E+00, 1.000E+00, 0.000E+00, 1.000E+00, 0.000E+00, 1.000E+00, 0.000E+00, 0.000E+00, 0.000E+00, 1.000E+00, 1.000E+00, 0.000E+00, 0.000E+00, 0.000E+00, 0.000E+00, 0.000E+00, 0.000E+00, 0.000E+00, 0.000E+00, 1.000E+00, 0.000E+00, 0.000E+00, 0.000E+00, 0.000E+00, 0.000E+00, 0.000E+00, 0.000E+00, 0.000E+00, 0.000E+00, 0.000E+00, 0.000E+00, 0.000E+00, 0.000E+00, 0.000E+00, 1.000E+00, 0.000E+00, 0.000E+00, 0.000E+00, 0.000E+00, 0.000E+00, 0.000E+00, 0.000E+00, 0.000E+00, 0.000E+00, 0.000E+00, 0.000E+00, 0.000E+00, 0.000E+00, 0.000E+00, 0.000E+00, 0.000E+00, 0.000E+00, 0.000E+00, 0.000E+00, 0.000E+00, 0.000E+00, 0.000E+00, 0.000E+00, 0.000E+00, 0.000E+00, 0.000E+00, 0.000E+00, 0.000E+00, 0.000E+00, 0.000E+00, 0.000E+00, 0.000E+00, 0.000E+00, 0.000E+00, 0.000E+00, 0.000E+00, 0.000E+00, 0.000E+00, 0.000E+00, 0.000E+00, 0.000E+00, 0.000E+00, 0.000E+00, 1.000E+00, 1.000E+00, 0.000E+00, 1.000E+00, 3.000E+00, 6.000E+00, 0.000E+00, 4.000E+00, 0.000E+00, 0.000E+00, 0.000E+00, 0.000E+00, 0.000E+00, 0.000E+00, 0.000E+00, 0.000E+00, 0.000E+00, 0.000E+00, 0.000E+00, 0.000E+00, 0.000E+00, 0.000E+00, 0.000E+00, 2.000E+00, 0.000E+00, 0.000E+00, 0.000E+00, 0.000E+00, 0.000E+00, 0.000E+00, 0.000E+00, 0.000E+00, 0.000E+00, 0.000E+00, 0.000E+00, 0.000E+00, 0.000E+00, 0.000E+00, 0.000E+00, 0.000E+00, 0.000E+00, 0.000E+00, 0.000E+00, 0.000E+00, 0.000E+00, 0.000E+00, 0.000E+00, 0.000E+00, 0.000E+00, 0.000E+00, 0.000E+00, 0.000E+00, 0.000E+00, 0.000E+00, 0.000E+00, 0.000E+00), .Dim=c(39, 4)),