list(mu_p_srem=5.18200E-01, sd_logit_p_srem=1.27400E+00, epsilon_p=5.28100E-01, beta_dj=1.98200E-01, alpha_dj=c(4.62800E-01, 5.87900E-01, 1.46400E+00, 6.03300E-01, 1.00400E+00, 6.69700E-01, 9.15500E-01, 7.11800E-01, 6.08100E-01, 4.50200E-01, 3.91800E-01, 6.41000E-01, 8.50000E-01, 1.02700E+00, 9.65900E-01, 1.96900E+00, 1.79600E+00, 2.18800E+00, 8.94400E-01, 4.93500E-01, 1.08800E+00, 3.89300E-01, 3.96500E-01, 6.75100E-01, 2.05500E-01, 1.46900E+00, 5.20200E-01, 1.92000E+00, 6.59100E-01, 9.85100E-01, 1.07300E+00, 1.03300E+00), gamma_dj= structure(.Data= c(7.88300E-01, 1.15200E+00, 1.20200E+00, 2.00200E-01, 9.61000E-01, 1.23900E+00, 9.07100E-01, 9.67300E-01, 7.30400E-01, 1.07200E+00, 1.15000E+00, 1.17200E+00, 1.05100E+00, 1.24100E+00, 1.13800E+00, 6.73300E-01, 1.18900E+00, 1.38500E+00, 6.40900E-01, 7.90500E-01, 1.20500E+00, 8.69200E-01, 1.41700E+00, 1.45400E-01, 1.34100E+00, 1.32000E+00, 8.82100E-01, 1.04100E+00, 1.18600E+00, 5.40700E-01, 9.16900E-01, 7.06300E-01, 7.50100E-01, 9.12100E-01, 6.26500E-01, 1.94300E+00, 1.10600E+00, 1.43700E+00, 9.03400E-01, 2.75100E-01, 1.01100E+00, 1.41800E+00, 9.39500E-01, 1.75900E+00, 1.04800E+00, 2.24500E+00, 1.24100E+00, 1.30700E+00, 7.47300E-01, 1.35700E+00, 1.08800E+00, 1.20200E+00), .Dim=c(26, 2)), pi_dj=7.36700E-01, xi_dj=4.05400E+00, eta_dj=c(3.57500E+01, 5.22400E+01), zeta_alpha_dj=2.87000E+00, zeta_gamma_dj=c(3.49300E+01, 3.36700E+00), eta_gamma_dj=c(3.45500E+01, 3.18000E+00), mu_dj_nat=1.30200E-01, delta=c(6.05600E-02, 1.97400E-01, 2.22000E-01), k_cpue=1.13200E+02, eta_cpue=1.63600E+00, rho_s=1.71900E-01, sd_s_rec=5.01800E-01, p_cpue=6.20700E-01, n1=c(1.80000E+01, 1.30000E+01, 3.20000E+01, 2.39000E+02, 1.40000E+01, 3.00000E+01, 2.00000E+00, 0.00000E+00, 0.00000E+00, 6.00000E+00, 2.80000E+01, 2.50000E+01, 5.10000E+01, 8.70000E+01, 3.50000E+01, 4.50000E+01, 1.60000E+01, 2.00000E+00, 3.00000E+00, 2.00000E+00, 1.24000E+02, 4.10000E+01, 7.80000E+01, 4.98000E+02, 6.50000E+01, 1.31000E+02, 9.00000E+00, 3.00000E+00, 2.70000E+01, 1.03000E+02, 2.40000E+01, 1.80000E+01, 2.50000E+01, 1.55000E+02, 3.90000E+01, 4.30000E+01, 2.00000E+00, 0.00000E+00, 1.00000E+00, 2.10000E+01, 6.50000E+01, 2.00000E+01, 5.80000E+01, 6.70000E+01, 7.50000E+01, 1.00000E+00, 3.00000E+00, 1.00000E+00, 1.70000E+01, 2.00000E+01, 4.00000E+00, 1.10000E+01, 6.30000E+01, 4.00000E+00, 2.00000E+00, 0.00000E+00, 0.00000E+00, 2.00000E+00, 4.80000E+01, 3.40000E+01, 3.80000E+01, 1.08000E+02, 1.19000E+02, 2.00000E+00, 0.00000E+00, 5.00000E+00, 1.10000E+01, 1.49000E+02, 4.50000E+01, 1.60000E+01, 1.10000E+01, 8.40000E+01, 8.30000E+01, 2.40000E+01, 6.00000E+00, 0.00000E+00, 3.10000E+01, 2.50000E+01, 1.50000E+01, 2.00000E+01, 7.70000E+01, 4.00000E+01, 2.00000E+00, 0.00000E+00, 5.00000E+00, 2.00000E+00, 2.00000E+01, 1.00000E+01, 1.30000E+01, 1.05000E+02, 3.60000E+01, 0.00000E+00, 0.00000E+00, 0.00000E+00, 2.10000E+01, 4.50000E+01, 4.20000E+01, 1.67000E+02, 1.19000E+02, 2.40000E+01, 0.00000E+00, 0.00000E+00, 1.50000E+01, 5.70000E+01, 2.50000E+01, 1.20000E+02, 3.13000E+02, 1.53000E+02, 3.00000E+00, 4.00000E+00, 3.00000E+00, 8.00000E+00, 4.20000E+01, 2.60000E+01, 1.58000E+02, 6.00000E+02, 1.05000E+02, 1.00000E+00, 3.00000E+00, 4.50000E+01, 1.80000E+01, 3.00000E+00, 1.18000E+02, 5.60000E+01, 1.16000E+02, 1.86000E+02, 1.44000E+02, 8.00000E+00, 2.00000E+00, 1.70000E+01, 1.50000E+01, 4.50000E+01, 1.19000E+02, 8.40000E+01, 6.00000E+00, 2.00000E+00, 3.00000E+00, 1.70000E+01, 8.00000E+00, 1.50000E+01, 1.00000E+01, 2.40000E+01, 0.00000E+00, 1.00000E+00, 8.00000E+00, 0.00000E+00, 3.90000E+01, 1.16000E+02, 1.47000E+02, 7.00000E+00, 1.00000E+00, 2.00000E+00, 7.00000E+00, 2.00000E+00, 6.50000E+01, 8.90000E+01, 3.30000E+01, 1.70000E+01, 9.40000E+01, 3.00000E+01, 1.50000E+01, 5.00000E+00, 1.20000E+01, 5.00000E+01, 1.01000E+02, 3.70000E+01, 1.20000E+01, 6.00000E+00, 7.00000E+00, 1.20000E+01, 1.11000E+02, 7.00000E+00, 9.00000E+00, 3.00000E+01, 3.00000E+00, 2.10000E+01, 1.00000E+00, 6.90000E+01, 3.40000E+01, 2.80000E+01, 1.30000E+01, 2.00000E+01, 8.00000E+00, 2.00000E+00, 5.00000E+00, 1.30000E+01, 2.30000E+01, 1.20000E+01, 6.00000E+00, 1.70000E+01, 1.50000E+01, 6.00000E+00, 5.00000E+00, 2.02000E+02, 1.18000E+02, 2.60000E+01, 3.90000E+01, 1.42000E+02, 4.20000E+01, 1.10000E+01, 1.20000E+01, 1.78000E+02, 3.83000E+02, 1.06000E+02, 4.00000E+01, 2.07000E+02, 5.00000E+00, 3.80000E+01, 1.00000E+00, 5.70000E+01, 8.00000E+00, 8.00000E+00, 4.00000E+00, 1.20000E+01, 8.80000E+01, 1.07000E+02, 8.00000E+00, 1.00000E+00, 1.00000E+00, 1.00000E+00, 7.40000E+01, 3.80000E+01, 5.00000E+00, 4.00000E+00, 9.20000E+01, 3.50000E+01, 4.00000E+00, 4.00000E+00, 1.40000E+01, 3.70000E+01, 0.00000E+00, 6.00000E+00, 1.96000E+02, 4.20000E+01, 9.00000E+00, 1.00000E+00, 1.42000E+02, 7.40000E+01, 3.00000E+00, 2.00000E+00, 1.89000E+02, 1.39000E+02, 7.00000E+00, 3.00000E+00, 3.20000E+01, 4.00000E+00, 0.00000E+00, 2.60000E+01, 1.60000E+01, 5.30000E+01, 2.44000E+02, 8.50000E+01, 1.00000E+00, 0.00000E+00, 1.00000E+01, 3.60000E+01, 2.30000E+01, 2.08000E+02, 9.20000E+01, 2.00000E+01, 9.00000E+00, 1.00000E+01, 4.40000E+01, 1.10000E+02, 2.38000E+02, 1.53000E+02, 0.00000E+00, 3.00000E+00, 2.30000E+01, 4.30000E+01, 2.12000E+02, 1.51000E+02, 8.50000E+01, 1.30000E+01, 1.00000E+01, 4.00000E+00, 5.30000E+01, 2.40000E+02, 2.80000E+01, 7.20000E+01, 9.20000E+01, 5.00000E+00, 1.10000E+01, 1.00000E+01, 1.18000E+02, 1.96000E+02, 6.60000E+01, 8.20000E+01, 1.01000E+02, 1.10000E+01, 1.20000E+01, 2.10000E+01, 1.14000E+02, 1.87000E+02, 1.03000E+02, 9.10000E+01, 1.35000E+02, 1.90000E+01, 1.70000E+01, 1.20000E+01, 3.09000E+02, 5.53000E+02, 1.56000E+02, 1.79000E+02, 1.79000E+02, 8.00000E+00, 3.60000E+01, 1.05000E+02, 9.00000E+00, 3.00000E+00, 1.30000E+01, 6.20000E+01, 3.50000E+01, 1.80000E+01, 1.00000E+01, 1.70000E+01, 2.82000E+02, 1.30000E+01, 7.00000E+00, 5.90000E+01, 4.70000E+01, 9.00000E+00, 1.00000E+00, 9.60000E+01, 3.90000E+01, 2.00000E+00, 1.00000E+00, 1.10000E+01, 8.00000E+00, 0.00000E+00, 0.00000E+00, 6.00000E+00, 3.00000E+00, 3.70000E+01, 2.00000E+00, 0.00000E+00, 6.10000E+01, 2.54000E+02, 1.16000E+02, 1.75000E+02, 9.60000E+01, 1.20000E+01, 1.60000E+01, 2.00000E+00, 8.50000E+01, 2.76000E+02, 1.20000E+02, 1.68000E+02, 8.70000E+01, 9.00000E+00, 2.10000E+01, 2.90000E+01, 1.03000E+02, 3.55000E+02, 1.01000E+02, 1.61000E+02, 2.12000E+02, 3.00000E+01, 2.90000E+01, 2.30000E+01, 2.90000E+01, 9.30000E+01, 5.50000E+01, 3.70000E+01, 6.20000E+01, 5.00000E+00, 0.00000E+00, 3.00000E+00, 4.00000E+01, 1.31000E+02, 4.30000E+01, 4.10000E+01, 5.00000E+01, 5.00000E+00, 7.00000E+00, 5.00000E+00, 1.90000E+02, 5.50000E+01, 3.00000E+00, 2.70000E+01, 1.95000E+02, 9.40000E+01, 8.00000E+00, 9.00000E+00, 2.00000E+02, 7.90000E+01, 3.00000E+00, 2.50000E+01, 1.28000E+02, 4.80000E+01, 1.20000E+01, 4.00000E+00, 6.60000E+01, 1.09000E+02, 3.00000E+00, 2.60000E+01, 5.50000E+01, 7.00000E+00, 1.30000E+01, 2.00000E+00, 3.50000E+01, 7.00000E+00, 5.60000E+01, 5.20000E+01, 1.41000E+02, 1.00000E+02, 4.30000E+01, 1.70000E+01, 1.20000E+01, 1.00000E+01, 5.90000E+01, 1.40000E+01, 7.00000E+00, 3.00000E+00, 4.23000E+02, 2.24000E+02, 2.30000E+01, 6.00000E+00, 3.80000E+01, 1.84000E+02, 1.00000E+00, 2.60000E+01, 5.00000E+01, 1.43000E+02, 2.20000E+01, 4.20000E+01, 8.80000E+01, 4.79000E+02, 1.29000E+02, 1.07000E+02, 2.80000E+01, 5.20000E+01, 1.11000E+02, 9.20000E+01, 3.90000E+01, 4.20000E+01, 5.50000E+01, 3.00000E+01, 7.00000E+01, 1.55000E+02, 2.76000E+02, 8.70000E+01, 4.20000E+01, 5.70000E+01, 4.00000E+01),