list(Nyears=3.50000E+01, NBeau=3.00000E+01, NEu=2.20000E+01, C_B=c(1.11500E+03, 1.12800E+03, 7.50000E+02, 1.53000E+03, 7.47000E+02, 4.00000E+02,     NA,     NA,     NA,     NA, 4.15000E+02, 5.65000E+02, 9.41000E+02, 5.00000E+01, 4.20000E+01, 2.59400E+03, 8.00000E+02, 4.00000E+01, 2.63000E+02,     NA, 6.30000E+01, 7.74000E+02, 4.32100E+03, 2.11000E+03, 1.07400E+03, 2.21500E+03, 2.15500E+03, 3.17000E+02, 1.13500E+03, 1.82900E+03, 1.93800E+03, 5.23000E+02, 4.24000E+02, 1.96800E+03, 3.48200E+03), D_B=c(0.00000E+00, 0.00000E+00, 0.00000E+00, 0.00000E+00, 0.00000E+00, 0.00000E+00,     NA,     NA,     NA,     NA, 0.00000E+00, 1.50000E+01, 2.00000E+01, 0.00000E+00, 2.00000E+00, 6.00000E+00, 3.00000E+01, 0.00000E+00, 9.00000E+00,     NA, 0.00000E+00, 1.00000E+01, 5.40000E+01, 6.00000E+01, 3.20000E+01, 3.00000E+01, 6.00000E+01, 7.00000E+00, 1.00000E+01, 2.90000E+01, 2.80000E+01, 1.00000E+01, 4.00000E+00, 6.00000E+00, 0.00000E+00), Cm_B=c(    NA,     NA,     NA,     NA, 7.45000E+02,     NA,     NA,     NA,     NA,     NA,     NA, 5.50000E+02, 9.20000E+02,     NA, 4.00000E+01, 2.58800E+03, 7.70000E+02, 4.00000E+01, 2.53000E+02,     NA,     NA, 7.64000E+02, 4.26700E+03, 2.05000E+03, 1.04000E+03, 2.17500E+03, 2.09000E+03, 3.10000E+02, 1.12000E+03, 1.80000E+03, 1.91000E+03, 5.13000E+02, 4.20000E+02, 1.93200E+03, 3.40900E+03), Cum_B=c(    NA,     NA,     NA,     NA, 2.00000E+00,     NA,     NA,     NA,     NA,     NA,     NA, 0.00000E+00, 1.00000E+00,     NA, 0.00000E+00, 0.00000E+00, 0.00000E+00, 0.00000E+00, 1.00000E+00,     NA,     NA, 0.00000E+00, 0.00000E+00, 0.00000E+00, 2.00000E+00, 1.00000E+01, 5.00000E+00, 0.00000E+00, 5.00000E+00, 0.00000E+00, 0.00000E+00, 0.00000E+00, 0.00000E+00, 3.00000E+01, 7.30000E+01), Cm_Eu=c(    NA,     NA,     NA,     NA, 6.10000E+01,     NA,     NA,     NA,     NA,     NA,     NA, 6.10000E+01, 7.70000E+01,     NA, 2.00000E+00, 2.30000E+02, 7.80000E+01, 3.00000E+00, 2.00000E+01,     NA,     NA, 6.60000E+01, 2.87000E+02, 1.58000E+02, 7.00000E+01, 1.23000E+02, 1.94000E+02, 3.20000E+01, 4.10000E+01, 1.86000E+02, 1.84000E+02, 2.60000E+01, 2.10000E+01, 1.05000E+02, 2.58000E+02), Cum_Eu=c(    NA,     NA,     NA,     NA, 9.70000E+01,     NA,     NA,     NA,     NA,     NA,     NA, 1.22000E+02, 1.21000E+02,     NA, 1.53000E+02, 3.27000E+02, 8.40000E+01, 4.70000E+01, 1.09000E+02,     NA,     NA, 1.86000E+02, 2.22000E+02, 2.44000E+02, 1.13000E+02, 1.90000E+02, 4.17000E+02, 7.70000E+01, 7.20000E+01, 4.76000E+02, 4.30000E+02, 7.40000E+01, 1.30000E+02, 3.20000E+02, 3.30000E+02), Q_Eu=c(7.76845E+03, 6.64299E+03, 1.14102E+04, 4.40484E+03, 4.64964E+03, 5.34259E+03, 9.20198E+03, 1.00125E+04, 8.34250E+03, 5.74725E+03, 5.51175E+03, 5.56950E+03, 6.39950E+03, 1.00988E+04, 7.41075E+03, 7.94975E+03, 5.68200E+03, 7.67750E+03, 9.03925E+03, 9.64125E+03, 8.48000E+03, 8.31375E+03))
