list(mu_B=5.00000E-01, sigmap_B=1.00000E+00, logit_int_Eu=1.00000E+00, logit_flow_Eu=1.00000E+00, sigmap_Eu=1.00000E+00, shape_lambda=2.50000E+00, rate_lambda=1.00000E-02, Ntot=c(    NA,     NA,     NA,     NA, 1.93100E+03,     NA,     NA,     NA,     NA,     NA,     NA, 1.65000E+03, 2.36600E+03,     NA, 3.10000E+03, 6.26700E+03, 1.59900E+03, 6.66000E+02, 1.63200E+03,     NA,     NA, 2.91700E+03, 7.56700E+03, 5.21500E+03, 2.72000E+03, 5.54400E+03, 6.58700E+03, 1.05500E+03, 3.09100E+03, 6.40600E+03, 6.37300E+03, 1.97300E+03, 3.02000E+03, 7.85000E+03, 7.84200E+03), lambda=c(    NA,     NA,     NA,     NA, 1.92100E+03,     NA,     NA,     NA,     NA,     NA,     NA, 1.64000E+03, 2.35600E+03,     NA, 3.09000E+03, 6.25700E+03, 1.58900E+03, 6.56000E+02, 1.62200E+03,     NA,     NA, 2.90700E+03, 7.55700E+03, 5.20500E+03, 2.71000E+03, 5.53400E+03, 6.57700E+03, 1.04500E+03, 3.08100E+03, 6.39600E+03, 6.36300E+03, 1.96300E+03, 3.01000E+03, 7.84000E+03, 7.83200E+03), logit_pi_B=c(5.00000E-01, 5.00000E-01, 5.00000E-01, 5.00000E-01, 5.00000E-01, 5.00000E-01, 5.00000E-01, 5.00000E-01, 5.00000E-01, 5.00000E-01, 5.00000E-01, 5.00000E-01, 5.00000E-01, 5.00000E-01, 5.00000E-01, 5.00000E-01, 5.00000E-01, 5.00000E-01, 5.00000E-01, 5.00000E-01, 5.00000E-01, 5.00000E-01, 5.00000E-01, 5.00000E-01, 5.00000E-01, 5.00000E-01, 5.00000E-01, 5.00000E-01, 5.00000E-01, 5.00000E-01), logit_pi_Eu=c(5.00000E-01, 5.00000E-01, 5.00000E-01, 5.00000E-01, 5.00000E-01, 5.00000E-01, 5.00000E-01, 5.00000E-01, 5.00000E-01, 5.00000E-01, 5.00000E-01, 5.00000E-01, 5.00000E-01, 5.00000E-01, 5.00000E-01, 5.00000E-01, 5.00000E-01, 5.00000E-01, 5.00000E-01, 5.00000E-01, 5.00000E-01, 5.00000E-01))
