list(Y=3.40000E+01, R_EF= structure(.Data= c(2.00000E+00, 2.00000E+00, 0.00000E+00, 0.00000E+00, 0.00000E+00, 0.00000E+00, 0.00000E+00, 2.00000E+00, 6.00000E+00, 8.00000E+00, 1.00000E+00, 1.00000E+00, 6.00000E+00, 1.10000E+01, 0.00000E+00, 4.00000E+00, 4.00000E+00, 2.00000E+00, 0.00000E+00, 3.00000E+00, 3.00000E+00, 3.00000E+00, 2.00000E+00, 5.00000E+00, 1.00000E+01, 4.00000E+00, 0.00000E+00, 0.00000E+00, 1.00000E+00, 2.00000E+00, 0.00000E+00, 0.00000E+00), .Dim=c(8, 4)), M_EF= structure(.Data= c(    NA,     NA,     NA,     NA,     NA,     NA,     NA,     NA,     NA,     NA,     NA,     NA,     NA,     NA,     NA,     NA,     NA,     NA,     NA,     NA,     NA,     NA,     NA,     NA, 1.60000E+01, 1.10000E+01, 0.00000E+00, 1.00000E+00, 4.00000E+00, 4.00000E+00, 0.00000E+00, 7.00000E+00), .Dim=c(8, 4)), Cm_EF= structure(.Data= c(2.00000E+00, 5.00000E+00, 2.00000E+00, 1.00000E+00, 0.00000E+00, 1.00000E+00, 0.00000E+00, 4.00000E+00, 4.00000E+00, 7.00000E+00, 1.00000E+00, 2.00000E+00, 6.00000E+00, 8.00000E+00, 1.00000E+00, 6.00000E+00, 1.00000E+01, 9.00000E+00, 0.00000E+00, 0.00000E+00, 4.00000E+00, 5.00000E+00, 1.00000E+00, 4.00000E+00, 1.90000E+01, 1.50000E+01, 0.00000E+00, 2.00000E+00, 5.00000E+00, 6.00000E+00, 0.00000E+00, 6.00000E+00), .Dim=c(8, 4)), Cum_EF= structure(.Data= c(3.00000E+00, 0.00000E+00, 0.00000E+00, 0.00000E+00, 0.00000E+00, 0.00000E+00, 0.00000E+00, 0.00000E+00, 3.00000E+00, 3.00000E+00, 0.00000E+00, 0.00000E+00, 2.00000E+00, 4.00000E+00, 0.00000E+00, 1.00000E+00, 6.00000E+00, 3.00000E+00, 0.00000E+00, 3.00000E+00, 1.00000E+00, 1.00000E+00, 1.00000E+00, 2.00000E+00, 7.00000E+00, 1.00000E+00, 0.00000E+00, 0.00000E+00, 0.00000E+00, 0.00000E+00, 0.00000E+00, 3.00000E+00), .Dim=c(8, 4)), OMEGA= structure(.Data= c(2.00000E+01, 2.10000E+01,     NA,     NA,     NA, 7.00000E+00, 1.30000E+01,     NA,     NA,     NA, 2.40000E+01, 2.30000E+01,     NA,     NA,     NA, 1.00000E+01, 2.50000E+01,     NA,     NA,     NA, 2.70000E+01, 4.00000E+01,     NA,     NA,     NA, 2.90000E+01, 1.70000E+01,     NA,     NA,     NA, 3.00000E+00, 1.00000E+01,     NA, 1.70000E+01, 1.00000E+00, 1.80000E+01, 2.80000E+01,     NA, 2.70000E+01, 4.00000E+00, 5.00000E+00, 6.00000E+00,     NA, 1.90000E+01, 1.60000E+01, 2.50000E+01, 6.10000E+01,     NA, 8.80000E+01, 5.60000E+01, 2.30000E+01, 4.90000E+01,     NA, 6.10000E+01, 3.20000E+01, 1.00000E+01, 3.30000E+01,     NA, 4.70000E+01, 2.80000E+01, 1.00000E+00, 1.80000E+01,     NA, 1.30000E+01, 4.00000E+01, 1.00000E+00, 1.60000E+01,     NA, 2.20000E+01, 2.20000E+01, 8.00000E+00, 2.40000E+01,     NA, 3.00000E+01, 3.40000E+01, 6.00000E+00, 1.90000E+01,     NA, 3.80000E+01, 2.70000E+01, 4.00000E+00, 2.40000E+01,     NA, 3.00000E+01, 2.90000E+01, 1.80000E+01, 3.20000E+01,     NA, 6.60000E+01, 1.70000E+01, 2.10000E+01, 5.70000E+01,     NA, 8.80000E+01, 2.90000E+01, 1.40000E+01, 3.20000E+01,     NA, 3.30000E+01, 1.10000E+01, 1.10000E+01, 2.90000E+01,     NA, 1.30000E+01, 1.10000E+01, 1.50000E+01, 2.40000E+01,     NA, 2.00000E+01, 7.00000E+00, 1.40000E+01, 2.60000E+01,     NA, 2.80000E+01, 6.00000E+00, 1.30000E+01, 2.00000E+01,     NA, 2.50000E+01, 1.00000E+01, 1.00000E+01, 2.40000E+01,     NA, 3.20000E+01, 1.80000E+01, 6.00000E+00, 1.30000E+01,     NA, 4.70000E+01, 5.00000E+00, 1.20000E+01, 2.00000E+01,     NA, 6.10000E+01, 3.90000E+01, 4.00000E+00, 2.10000E+01,     NA, 2.80000E+01, 3.10000E+01, 0.00000E+00, 8.00000E+00,     NA, 3.10000E+01, 1.80000E+01, 2.00000E+00, 2.10000E+01,     NA, 6.30000E+01, 2.70000E+01, 0.00000E+00, 2.30000E+01,     NA, 3.40000E+01, 2.50000E+01, 5.00000E+00, 1.80000E+01,     NA, 4.00000E+01, 2.00000E+01, 0.00000E+00, 5.00000E+00,     NA, 3.40000E+01, 8.00000E+00, 0.00000E+00, 2.00000E+00,     NA, 1.20000E+01, 1.30000E+01), .Dim=c(34, 5)), Q=c(7.62000E+00, 1.66000E+00, 1.01000E+01, 3.38000E+00, 2.46000E+00, 1.01000E+00, 1.08000E+01, 2.85000E+00, 1.11000E+01, 9.91000E+00, 6.08000E+00, 3.22000E+00, 1.15000E+01, 8.57000E+00, 5.77000E+00, 5.18000E+00, 4.74000E+00, 1.03000E+00, 1.41000E+01, 6.46000E+00, 5.80000E+00, 7.74000E+00, 3.89000E+00, 4.56000E+00, 1.10000E+01, 5.70000E+00, 6.50000E+00, 6.10000E+00, 2.40000E+00, 3.50000E+00, 9.40000E+00, 2.25000E+00, 1.99000E+00, 1.18000E+01), eff_Ux=c(    NA,     NA,     NA,     NA,     NA,     NA,     NA,     NA,     NA,     NA,     NA,     NA,     NA,     NA,     NA,     NA,     NA,     NA,     NA,     NA,     NA,     NA,     NA,     NA,     NA,     NA,     NA,     NA, 7.71706E-01, 8.67755E-01, 8.31322E-01, 8.24503E-01, 8.53420E-01, 8.56678E-01), eff_Ol=c(    NA,     NA,     NA,     NA,     NA,     NA,     NA,     NA,     NA,     NA,     NA,     NA,     NA,     NA,     NA,     NA, 3.00000E-02,     NA,     NA,     NA,     NA,     NA,     NA,     NA,     NA,     NA,     NA,     NA, 8.46939E-01, 8.91156E-01, 8.53741E-01, 8.33333E-01, 8.56678E-01, 9.11565E-01), D_11= structure(.Data= c(0.00000E+00, 0.00000E+00, 0.00000E+00, 0.00000E+00, 0.00000E+00, 0.00000E+00, 1.00000E+00, 0.00000E+00, 0.00000E+00, 0.00000E+00, 0.00000E+00, 0.00000E+00, 0.00000E+00, 0.00000E+00, 1.00000E+00, 0.00000E+00, 0.00000E+00, 1.00000E+00, 0.00000E+00, 3.00000E+00, 2.00000E+00, 4.00000E+00, 0.00000E+00, 1.00000E+00, 0.00000E+00, 0.00000E+00, 0.00000E+00, 0.00000E+00, 0.00000E+00, 0.00000E+00, 0.00000E+00, 0.00000E+00, 0.00000E+00, 0.00000E+00, 0.00000E+00, 0.00000E+00, 0.00000E+00, 0.00000E+00, 0.00000E+00, 0.00000E+00, 0.00000E+00, 0.00000E+00, 0.00000E+00, 0.00000E+00, 0.00000E+00, 0.00000E+00, 0.00000E+00, 0.00000E+00, 0.00000E+00, 0.00000E+00, 0.00000E+00, 0.00000E+00, 0.00000E+00, 0.00000E+00, 0.00000E+00, 0.00000E+00, 0.00000E+00, 0.00000E+00, 0.00000E+00, 0.00000E+00, 0.00000E+00, 0.00000E+00, 0.00000E+00, 0.00000E+00, 0.00000E+00, 0.00000E+00, 0.00000E+00, 0.00000E+00, 0.00000E+00, 0.00000E+00, 0.00000E+00, 0.00000E+00, 0.00000E+00, 0.00000E+00, 0.00000E+00, 0.00000E+00, 0.00000E+00, 0.00000E+00, 0.00000E+00, 0.00000E+00, 0.00000E+00, 0.00000E+00, 0.00000E+00, 0.00000E+00, 0.00000E+00, 0.00000E+00, 0.00000E+00, 0.00000E+00, 0.00000E+00, 0.00000E+00, 0.00000E+00, 0.00000E+00, 0.00000E+00, 0.00000E+00, 0.00000E+00, 0.00000E+00, 0.00000E+00, 0.00000E+00, 0.00000E+00, 0.00000E+00, 0.00000E+00, 0.00000E+00, 0.00000E+00, 0.00000E+00, 0.00000E+00, 0.00000E+00, 0.00000E+00, 0.00000E+00, 0.00000E+00, 0.00000E+00, 0.00000E+00, 0.00000E+00, 0.00000E+00, 0.00000E+00, 0.00000E+00, 0.00000E+00, 0.00000E+00, 0.00000E+00, 0.00000E+00, 0.00000E+00, 0.00000E+00, 0.00000E+00, 0.00000E+00, 0.00000E+00, 0.00000E+00, 0.00000E+00, 0.00000E+00, 0.00000E+00, 0.00000E+00, 0.00000E+00, 0.00000E+00, 0.00000E+00, 0.00000E+00, 0.00000E+00, 0.00000E+00, 0.00000E+00), .Dim=c(34, 4)),