list(shape_lambda=5.00000E+00, rate_lambda=1.00000E-02, lambda_tot0=2.89400E+02, a_1.1SW=4.20000E+00, a_1.1SW=8.00000E-02, a_MSW=c(4.00000E-01, 9.05900E-01, 2.51600E+00, 4.55000E-01, 3.03700E-01), eta_1=1.35000E+00, eta_2=5.50000E+00, k_1=8.70000E-01, k_2=1.46000E+00, logit_p_11_1=c(-1.42000E+00, -1.42000E+00, -1.42000E+00, -1.42000E+00, -1.42000E+00, -1.42000E+00, -1.42000E+00, -1.42000E+00), logit_pi_EF=c(-1.68000E+00, -1.68000E+00, -1.68000E+00, -1.68000E+00, -1.68000E+00, -1.68000E+00, -1.68000E+00, -1.68000E+00), mup_11_1=2.10000E-01, mup_11_2=1.80000E-01, mup_21=4.20000E-01, mupi_EF=1.60000E-01, mupi_U=c(8.68900E-01, 8.14600E-01), rho=7.90000E-01, sigmap_11_1=2.10000E-01, sigmap_11_2=9.00000E-02, sigmap_12=c(5.50000E-01, 4.10000E-01, 2.90000E-01, 4.00000E-01), sigmap_21=4.30000E-01, sigmapi_EF=5.20000E-01, sigmapi_U=c(7.34100E-01, 5.64100E-01), sigmapi_Ol=6.00000E-01, logit_pi_Ol=c(    NA,     NA,     NA,     NA,     NA,     NA,     NA,     NA,     NA,     NA,     NA,     NA,     NA,     NA,     NA,     NA, -3.47600E+00,     NA,     NA,     NA,     NA,     NA,     NA,     NA,     NA,     NA,     NA,     NA, 1.71100E+00, 2.10300E+00, 1.76400E+00, 1.60900E+00, 1.78800E+00, 2.33300E+00), alpha_1=c(2.96000E+00, 1.06000E+00, 1.07000E+00, 6.30000E-01, 1.09000E+00, 3.10000E-01, 3.90000E-01, 5.80000E-01, 2.10000E-01, 7.90000E-01, 6.80000E-01, 5.60000E-01, 5.20000E-01, 7.10000E-01, 7.20000E-01, 4.30000E-01, 7.70000E-01, 4.80000E-01, 1.47000E+00, 1.50000E+00, 1.39000E+00, 1.26000E+00, 1.37000E+00, 1.24000E+00, 1.00000E+00, 1.00000E+00, 1.00000E+00, 1.00000E+00, 1.00000E+00, 1.00000E+00, 1.00000E+00, 1.00000E+00, 1.00000E+00, 1.00000E+00), alpha_2=c(    NA,     NA,     NA,     NA,     NA,     NA, 8.10000E-01, 9.70000E-01, 1.18000E+00, 2.08000E+00, 1.77000E+00, 1.22000E+00, 1.31000E+00, 1.62000E+00, 1.50000E+00, 1.41000E+00, 1.00000E+00, 9.30000E-01, 2.76000E+00, 2.13000E+00, 2.44000E+00, 1.67000E+00, 2.28000E+00, 2.22000E+00, 1.00000E+00, 1.00000E+00, 1.00000E+00, 1.00000E+00, 1.00000E+00, 1.00000E+00, 1.00000E+00, 1.00000E+00, 1.00000E+00, 1.00000E+00), e_21= structure(.Data= c(    NA,     NA,     NA,     NA,     NA,     NA,     NA,     NA,     NA,     NA,     NA,     NA,     NA,     NA,     NA,     NA,     NA,     NA,     NA,     NA,     NA,     NA,     NA,     NA, 2.00000E+01, 2.30000E+01, 1.00000E+00, 3.00000E+00, 1.90000E+01, 1.10000E+01, 1.00000E+00, 6.00000E+00, 3.10000E+01, 2.80000E+01, 1.00000E+00, 7.00000E+00, 7.60000E+01, 6.70000E+01, 1.00000E+00, 6.00000E+00, 3.90000E+01, 3.20000E+01, 1.00000E+00, 6.00000E+00, 3.20000E+01, 3.00000E+01, 2.00000E+00, 3.00000E+00, 1.90000E+01, 3.80000E+01, 1.00000E+00, 1.20000E+01, 1.00000E+01, 2.20000E+01, 1.00000E+00, 3.00000E+00, 2.70000E+01, 2.60000E+01, 1.00000E+00, 4.00000E+00, 2.60000E+01, 2.60000E+01, 3.00000E+00, 4.00000E+00, 1.90000E+01, 1.40000E+01,     NA, 3.00000E+00, 4.20000E+01, 3.00000E+01, 1.00000E+00, 8.00000E+00, 5.50000E+01, 6.00000E+01, 1.00000E+00, 8.00000E+00, 1.00000E+00, 5.00000E+00, 5.00000E+00, 1.00000E+01, 7.00000E+00, 5.00000E+00,     NA, 2.00000E+00, 1.10000E+01, 1.10000E+01,     NA, 3.00000E+00, 5.00000E+00, 3.00000E+00, 2.00000E+00, 5.00000E+00, 1.00000E+01, 7.00000E+00, 2.00000E+00, 3.00000E+00, 6.00000E+00, 5.00000E+00,     NA, 7.00000E+00, 1.50000E+01, 6.00000E+00,     NA, 6.00000E+00, 3.00000E+01, 2.50000E+01, 5.00000E+00, 5.00000E+00, 5.00000E+00, 5.00000E+00, 7.00000E+00, 8.00000E+00, 3.00000E+00, 9.00000E+00, 1.00000E+00, 3.00000E+00, 3.00000E+00, 9.00000E+00, 1.00000E+00, 3.00000E+00, 3.00000E+00, 9.00000E+00, 1.00000E+00, 3.00000E+00, 3.00000E+00, 2.00000E+00, 1.00000E+00, 3.00000E+00, 6.00000E+00, 4.00000E+00, 0.00000E+00, 5.00000E+00, 7.00000E+00, 5.00000E+00, 2.00000E+00, 3.00000E+00), .Dim=c(34, 4)), logit_p_11_2=c(    NA,     NA,     NA,     NA,     NA,     NA,     NA,     NA, -1.98000E+00, -1.98000E+00, -1.98000E+00, -1.98000E+00, -1.98000E+00, -1.98000E+00, -1.98000E+00, -1.98000E+00, -1.98000E+00, -1.98000E+00, -1.98000E+00, -1.98000E+00, -1.98000E+00, -1.98000E+00, -1.98000E+00, -1.98000E+00, -1.98000E+00, -1.98000E+00, -1.98000E+00, -1.98000E+00, -1.98000E+00, -1.98000E+00, -1.98000E+00, -1.98000E+00, -1.98000E+00, -1.98000E+00), logit_p_21=c(    NA,     NA,     NA,     NA,     NA,     NA, 2.80000E-01, 2.80000E-01, 2.80000E-01, 2.80000E-01, 2.80000E-01, 2.80000E-01, 2.80000E-01, 2.80000E-01, 2.80000E-01, 2.80000E-01, 2.80000E-01, 2.80000E-01, 2.80000E-01, 2.80000E-01, 2.80000E-01, 2.80000E-01, 2.80000E-01, 2.80000E-01, 2.80000E-01, 2.80000E-01, 2.80000E-01, 2.80000E-01, 2.80000E-01, 2.80000E-01, 2.80000E-01, 2.80000E-01, 2.80000E-01, 2.80000E-01), logit_pi_U= structure(.Data= c(1.77000E+00, 9.80000E-01, 1.77000E+00, 9.80000E-01, 1.77000E+00, 9.80000E-01, 1.77000E+00, 9.80000E-01, 1.77000E+00, 9.80000E-01, 1.77000E+00, 9.80000E-01, 1.77000E+00, 9.80000E-01, 1.77000E+00, 9.80000E-01, 1.77000E+00, 9.80000E-01, 1.77000E+00, 9.80000E-01, 1.77000E+00, 9.80000E-01, 1.77000E+00, 9.80000E-01, 1.77000E+00, 9.80000E-01, 1.77000E+00, 9.80000E-01, 1.77000E+00, 9.80000E-01, 1.77000E+00, 9.80000E-01, 1.77000E+00, 9.80000E-01, 1.77000E+00, 9.80000E-01, 1.77000E+00, 9.80000E-01, 1.77000E+00, 9.80000E-01, 1.77000E+00, 9.80000E-01, 1.77000E+00, 9.80000E-01, 1.77000E+00, 9.80000E-01, 1.77000E+00, 9.80000E-01, 1.77000E+00, 9.80000E-01, 1.77000E+00, 9.80000E-01, 1.77000E+00, 9.80000E-01, 1.77000E+00, 9.80000E-01, 1.77000E+00, 9.80000E-01, 1.77000E+00, 9.80000E-01, 1.77000E+00, 9.80000E-01, 1.77000E+00, 9.80000E-01, 1.77000E+00, 9.80000E-01, 1.77000E+00, 9.80000E-01), .Dim=c(34, 2)), logit_p_n12= structure(.Data= c(    NA,     NA,     NA,     NA,     NA,     NA,     NA,     NA,     NA,     NA,     NA,     NA,     NA,     NA,     NA,     NA,     NA,     NA,     NA,     NA,     NA,     NA,     NA,     NA,     NA,     NA,     NA,     NA,     NA,     NA,     NA,     NA, 7.14500E-01, 5.69500E-01, 3.75000E-01, 3.00900E-01, 8.80700E-01, 5.64500E-01, 3.83500E-01, 4.14300E-01, 6.82800E-01, 4.38800E-01, 7.57900E-01, 3.55800E-01, 9.00100E-01, 6.12300E-01, 4.70100E-01, 2.25500E-01, 6.79700E-01, 8.03500E-01, 5.83700E-01, 5.93600E-01, 6.25600E-01, 7.10600E-01, 6.62000E-01, 4.64900E-01, 6.67400E-01, 7.37100E-01, 6.38600E-01, 5.84000E-01, 8.12100E-01, 7.68100E-01, 6.27600E-01, 4.32600E-01, 6.75300E-01, 6.20000E-01, 5.34900E-01, 3.69400E-01, 8.18400E-01, 6.87500E-01, 4.17100E-01, 5.99000E-01, 5.36100E-01, 6.36200E-01, 4.27700E-01, 4.70300E-01, 6.01100E-01, 6.91900E-01, 7.27400E-01, 4.54800E-01, 4.88600E-01, 4.17400E-01, 3.24600E-01, 3.72300E-01, 7.50400E-01, 6.15400E-01, 5.45800E-01, 4.55200E-01, 5.78100E-01, 5.54400E-01, 6.49700E-01, 4.26600E-01, 7.84700E-01, 6.11400E-01, 6.46700E-01, 4.57700E-01, 5.89100E-01, 4.39400E-01, 3.23100E-01, 5.60600E-01, 7.60500E-01, 6.75400E-01, 5.46800E-01, 5.67300E-01, 7.69300E-01, 6.37300E-01, 7.64300E-01, 5.38200E-01, 7.23300E-01, 5.08200E-01, 8.75400E-01, 4.83400E-01, 6.22700E-01, 6.20400E-01, 6.58300E-01, 3.51300E-01, 5.04900E-01, 5.46700E-01, 4.61600E-01, 6.16200E-01, 5.04900E-01, 5.46700E-01, 4.61600E-01, 6.16200E-01, 5.04900E-01, 5.46700E-01, 4.61600E-01, 6.16200E-01, 5.04900E-01, 5.46700E-01, 4.61600E-01, 6.16200E-01, 5.04900E-01, 5.46700E-01, 4.61600E-01, 6.16200E-01), .Dim=c(34, 4)),