list(log_cess_MC=-1.934E-01, rate_lambda=9.266E-04, shape_lambda=2.138E+00, logit_flow_MC=-2.408E-01, logit_int_MC=8.194E-01, Ntot=c(3.480E+02, 2.120E+02, 2.150E+02, 3.570E+02, 6.830E+02, 1.150E+02, 4.930E+02, 1.920E+02, 1.920E+02, 5.190E+02, 5.830E+02, 8.000E+01, 2.480E+02, 1.480E+02, 1.574E+03, 3.390E+02, 1.487E+03, 5.720E+02, 5.860E+02, 5.170E+02, 5.810E+02, 5.600E+02, 7.090E+02, 9.670E+02, 3.280E+02, 5.480E+02, 6.960E+02, 2.490E+02, 3.410E+02, 6.690E+02, 1.180E+02, 4.830E+02, 7.900E+01, 4.480E+02, 6.660E+02, 8.910E+02, 6.000E+02, 6.320E+02), lambda=c(3.480E+02, 2.120E+02, 2.150E+02, 3.570E+02, 6.830E+02, 1.150E+02, 4.930E+02, 1.920E+02, 1.920E+02, 5.190E+02, 5.830E+02, 8.000E+01, 2.480E+02, 1.480E+02, 1.574E+03, 3.390E+02, 1.487E+03, 5.720E+02, 5.860E+02, 5.170E+02, 5.810E+02, 5.600E+02, 7.090E+02, 9.670E+02, 3.280E+02, 5.480E+02, 6.960E+02, 2.490E+02, 3.410E+02, 6.690E+02, 1.180E+02, 4.830E+02, 7.900E+01, 4.480E+02, 6.660E+02, 8.910E+02, 6.000E+02, 6.320E+02), p_MC=c(6.854E-01, 7.742E-01, 7.288E-01, 6.615E-01, 9.211E-01, 7.714E-01, 8.600E-01, 9.231E-01, 5.882E-01, 8.413E-01, 7.632E-01, 3.971E-01, 4.783E-01, 7.627E-01, 8.571E-01, 4.978E-01, 7.964E-01, 6.810E-01, 6.914E-01, 7.857E-01, 6.559E-01, 7.705E-01, 5.710E-01, 5.291E-01, 4.793E-01, 5.491E-01, 7.166E-01, 4.366E-01, 4.621E-01, 5.361E-01, 2.328E-01, 5.375E-01, 1.757E-01, 6.019E-01, 7.101E-01, 8.134E-01, 8.578E-01, 8.142E-01))
