list(rate_lambda=3.000E-03, shape_lambda=2.800E+00, logit_flow_MC=-2.500E-01, logit_int_MC=5.000E-01, l1=6.658E-01, l2=7.566E-01, N=c(7.400E+02, 3.550E+02, 4.050E+02, 8.160E+02, 8.050E+02, 1.930E+02, 6.660E+02, 2.250E+02, 5.550E+02, 7.330E+02, 1.000E+03, 5.070E+02, 1.086E+03, 2.550E+02, 2.142E+03, 1.367E+03, 2.345E+03, 1.232E+03, 1.225E+03, 8.360E+02, 1.351E+03, 9.420E+02, 2.175E+03, 3.455E+03, 1.430E+03, 1.818E+03, 1.355E+03, 1.310E+03, 1.598E+03, 2.326E+03, 2.181E+03, 1.671E+03, 2.565E+03, 1.236E+03, 1.321E+03, 1.346E+03, 8.150E+02, 9.530E+02), lambda0=3.480E+02, lambda=c(7.400E+02, 3.550E+02, 4.050E+02, 8.160E+02, 8.050E+02, 1.930E+02, 6.660E+02, 2.250E+02, 5.550E+02, 7.330E+02, 1.000E+03, 5.070E+02, 1.086E+03, 2.550E+02, 2.142E+03, 1.367E+03, 2.345E+03, 1.232E+03, 1.225E+03, 8.360E+02, 1.351E+03, 9.420E+02, 2.175E+03, 3.455E+03, 1.430E+03, 1.818E+03, 1.355E+03, 1.310E+03, 1.598E+03, 2.326E+03, 2.181E+03, 1.671E+03, 2.565E+03, 1.236E+03, 1.321E+03, 1.346E+03, 8.150E+02, 9.530E+02), p1c=c(8.000E-01, 8.000E-01, 8.000E-01, 8.000E-01, 8.000E-01, 8.000E-01, 8.000E-01, 8.000E-01, 8.000E-01, 8.000E-01, 8.000E-01, 8.000E-01, 8.000E-01, 8.000E-01, 8.000E-01, 8.000E-01, 8.000E-01, 8.000E-01, 8.000E-01, 8.000E-01, 8.000E-01, 8.000E-01, 8.000E-01, 8.000E-01, 8.000E-01, 8.000E-01, 8.000E-01, 8.000E-01, 8.000E-01, 8.000E-01, 8.000E-01, 8.000E-01, 8.000E-01, 8.000E-01, 8.000E-01, 8.000E-01, 8.000E-01, 8.000E-01), Nc= structure(.Data= c(5.920E+02,   NA, 2.840E+02,   NA, 3.240E+02,   NA, 6.530E+02,   NA, 6.440E+02,   NA, 1.550E+02,   NA, 5.330E+02,   NA, 1.800E+02,   NA, 4.440E+02,   NA, 5.870E+02,   NA, 8.000E+02,   NA, 4.060E+02,   NA, 8.690E+02,   NA, 2.040E+02,   NA, 1.714E+03,   NA, 1.094E+03,   NA, 1.876E+03,   NA, 9.860E+02,   NA, 9.800E+02,   NA, 6.690E+02,   NA, 1.081E+03,   NA, 7.540E+02,   NA, 1.740E+03,   NA, 2.764E+03,   NA, 1.144E+03,   NA, 1.455E+03,   NA, 1.084E+03,   NA, 1.048E+03,   NA, 1.279E+03,   NA, 1.861E+03,   NA, 1.745E+03,   NA, 1.337E+03,   NA, 2.052E+03,   NA, 9.890E+02,   NA, 1.057E+03,   NA, 1.077E+03,   NA, 6.520E+02,   NA, 7.630E+02,   NA), .Dim=c(38, 2)))
