list(Y=2.30000E+01, eff_R=c(4.00000E+00, 1.40000E+01, 8.00000E+00, 6.00000E+00, 1.00000E+01, 1.20000E+01, 6.00000E+00, 1.30000E+01, 1.20000E+01, 1.20000E+01, 1.30000E+01, 1.10000E+01, 1.70000E+01, 1.10000E+01, 1.10000E+01, 7.00000E+00, 1.00000E+01, 1.00000E+01, 8.00000E+00, 9.00000E+00, 1.30000E+01, 1.20000E+01, 8.00000E+00), Cm_R= structure(.Data= c(4.00000E+00, 0.00000E+00, 3.10000E+01, 1.00000E+00, 4.50000E+01, 3.00000E+00, 1.90000E+01, 0.00000E+00, 5.60000E+01, 1.00000E+00, 1.60000E+01, 5.00000E+00, 5.00000E+00, 0.00000E+00, 3.30000E+01, 0.00000E+00, 3.00000E+01, 1.00000E+00, 2.80000E+01, 5.00000E+00, 1.33000E+02, 5.00000E+00, 6.70000E+01, 8.00000E+00, 6.20000E+01, 6.00000E+00, 3.50000E+01, 4.00000E+00, 2.20000E+01, 5.00000E+00, 1.30000E+01, 5.00000E+00, 8.20000E+01, 4.00000E+00, 2.80000E+01, 1.30000E+01, 1.40000E+01, 4.00000E+00, 5.20000E+01, 6.00000E+00, 4.70000E+01, 1.40000E+01, 5.00000E+01, 7.00000E+00, 5.50000E+01, 6.00000E+00), .Dim=c(23, 2)), Cum_R= structure(.Data= c(1.40000E+01, 1.00000E+00, 2.80000E+01, 8.00000E+00, 1.40000E+01, 6.00000E+00, 9.00000E+00, 2.00000E+00, 1.30000E+01, 2.00000E+00, 1.10000E+01, 6.00000E+00, 9.00000E+00, 0.00000E+00, 1.10000E+01, 1.00000E+00, 1.20000E+01, 4.00000E+00, 2.40000E+01, 4.00000E+00, 6.50000E+01, 2.00000E+00, 2.00000E+01, 7.00000E+00, 2.00000E+01, 4.00000E+00, 1.60000E+01, 5.00000E+00, 1.20000E+01, 9.00000E+00, 7.00000E+00, 8.00000E+00, 3.10000E+01, 3.00000E+00, 4.00000E+00, 7.00000E+00, 9.00000E+00, 6.00000E+00, 2.60000E+01, 9.00000E+00, 3.30000E+01, 7.00000E+00, 2.20000E+01, 1.30000E+01, 3.30000E+01, 6.00000E+00), .Dim=c(23, 2)), Q= structure(.Data= c(2.44194E+00, 7.82823E+00, 1.21284E+00, 4.12274E+00, 1.22348E+00, 3.92435E+00, 1.18398E+00, 3.23790E+00, 2.01719E+00, 6.63452E+00, 1.95419E+00, 8.14371E+00, 2.53710E+00, 7.47919E+00, 1.83855E+00, 8.89161E+00, 1.90081E+00, 3.72242E+00, 8.48097E-01, 2.45258E+00, 1.51176E+00, 3.76855E+00, 9.04774E-01, 2.89468E+00, 9.76258E-01, 6.48226E+00, 4.07758E+00, 4.08694E+00, 2.14677E+00, 4.82774E+00, 1.46758E+00, 3.80710E+00, 9.46452E-01, 5.22887E+00, 8.54177E-01, 2.32661E+00, 3.44016E+00, 7.19710E+00, 1.66977E+00, 6.92855E+00, 1.69889E+00, 4.91790E+00, 1.34410E+00, 4.39033E+00, 1.41926E+00, 5.00887E+00), .Dim=c(23, 2)), Q_dec=c(6.84667E+00, 4.88567E+00, 3.77267E+00, 6.22967E+00, 4.98133E+00, 6.65867E+00, 3.08900E+01, 2.34100E+00, 9.71167E+00, 2.56800E+00, 3.50900E+00, 5.68333E+00, 1.42613E+01, 3.88000E+00, 4.77333E+00, 1.18903E+01, 6.35300E+00, 8.33727E+00, 1.41787E+01, 6.44333E+00, 6.45667E+00, 4.00000E+00, 9.90968E+08, 1.00000E+00, 4.53613E+05), Cm_D= structure(.Data= c(0.00000E+00, 0.00000E+00, 7.00000E+00, 1.10000E+01, 2.00000E+00, 1.00000E+00, 2.00000E+00, 6.00000E+00, 0.00000E+00, 0.00000E+00, 0.00000E+00, 4.00000E+00, 0.00000E+00, 2.00000E+00, 0.00000E+00, 0.00000E+00, 0.00000E+00, 0.00000E+00, 0.00000E+00, 1.00000E+00, 1.00000E+00, 0.00000E+00, 2.00000E+00, 1.00000E+00, 0.00000E+00, 0.00000E+00, 0.00000E+00, 0.00000E+00, 0.00000E+00, 0.00000E+00, 0.00000E+00, 0.00000E+00, 1.00000E+00, 0.00000E+00, 1.00000E+00, 1.00000E+00, 0.00000E+00, 1.00000E+00, 0.00000E+00, 0.00000E+00, 0.00000E+00, 0.00000E+00, 4.00000E+00, 0.00000E+00, 1.40000E+01, 2.00000E+00), .Dim=c(23, 2)), Cum_D= structure(.Data= c(0.00000E+00, 1.00000E+00, 0.00000E+00, 2.00000E+00, 2.00000E+00, 2.00000E+00, 0.00000E+00, 1.00000E+00, 0.00000E+00, 0.00000E+00, 0.00000E+00, 2.00000E+00, 0.00000E+00, 6.00000E+00, 0.00000E+00, 0.00000E+00, 0.00000E+00, 0.00000E+00, 0.00000E+00, 2.00000E+00, 1.00000E+00, 0.00000E+00, 0.00000E+00, 0.00000E+00, 0.00000E+00, 0.00000E+00, 0.00000E+00, 0.00000E+00, 0.00000E+00, 0.00000E+00, 0.00000E+00, 0.00000E+00, 1.00000E+00, 0.00000E+00, 0.00000E+00, 1.00000E+00, 0.00000E+00, 0.00000E+00, 0.00000E+00, 0.00000E+00, 0.00000E+00, 0.00000E+00, 1.00000E+00, 1.00000E+00, 6.00000E+00, 0.00000E+00), .Dim=c(23, 2)), C_MP= structure(.Data= c(1.57000E+02, 7.00000E+00, 5.08000E+02, 4.30000E+01, 5.07000E+02, 3.10000E+01, 3.22000E+02, 3.80000E+01, 4.42000E+02, 9.00000E+00, 1.67000E+02, 4.10000E+01, 1.51000E+02, 1.10000E+01, 2.28000E+02, 1.70000E+01, 4.20000E+02, 7.00000E+00, 1.30000E+02, 2.60000E+01, 7.61000E+02, 3.30000E+01, 3.35000E+02, 7.30000E+01, 6.62000E+02, 3.90000E+01, 3.18000E+02, 4.70000E+01, 1.90000E+02, 2.90000E+01, 1.87000E+02, 5.40000E+01, 5.33000E+02, 3.40000E+01, 3.07000E+02, 1.40000E+02, 2.27000E+02, 5.60000E+01, 3.94000E+02, 4.30000E+01, 4.33000E+02, 7.60000E+01, 3.91000E+02, 7.20000E+01, 3.86000E+02, 3.90000E+01), .Dim=c(23, 2)), Cm_MP= structure(.Data= c(1.56000E+02, 7.00000E+00, 5.00000E+02, 4.20000E+01, 5.02000E+02, 3.00000E+01, 3.20000E+02, 3.80000E+01, 4.42000E+02, 9.00000E+00, 1.66000E+02, 4.10000E+01, 1.51000E+02, 1.10000E+01, 2.26000E+02, 1.70000E+01, 4.20000E+02, 7.00000E+00, 1.30000E+02, 2.50000E+01, 7.61000E+02, 3.30000E+01, 3.35000E+02, 7.30000E+01, 6.61000E+02, 3.90000E+01, 3.18000E+02, 4.70000E+01, 1.90000E+02, 2.90000E+01, 1.87000E+02, 5.40000E+01, 5.33000E+02, 3.40000E+01, 3.07000E+02, 1.40000E+02, 2.27000E+02, 5.60000E+01, 3.93000E+02, 4.30000E+01, 4.33000E+02, 7.60000E+01, 3.91000E+02, 7.20000E+01, 3.85000E+02, 3.90000E+01), .Dim=c(23, 2)), Cum_MP= structure(.Data= c(0.00000E+00, 0.00000E+00, 1.00000E+00, 0.00000E+00, 0.00000E+00, 0.00000E+00, 0.00000E+00, 0.00000E+00, 0.00000E+00, 0.00000E+00, 0.00000E+00, 0.00000E+00, 0.00000E+00, 0.00000E+00, 0.00000E+00, 0.00000E+00, 0.00000E+00, 0.00000E+00, 0.00000E+00, 0.00000E+00, 0.00000E+00, 0.00000E+00, 0.00000E+00, 0.00000E+00, 0.00000E+00, 0.00000E+00, 0.00000E+00, 0.00000E+00, 0.00000E+00, 0.00000E+00, 0.00000E+00, 0.00000E+00, 0.00000E+00, 0.00000E+00, 0.00000E+00, 0.00000E+00, 0.00000E+00, 0.00000E+00, 0.00000E+00, 0.00000E+00, 0.00000E+00, 0.00000E+00, 0.00000E+00, 0.00000E+00, 1.00000E+00, 0.00000E+00), .Dim=c(23, 2)), C_F= structure(.Data= c(4.10000E+01, 2.00000E+01, 7.50000E+01, 1.10000E+01, 9.20000E+01, 1.10000E+01, 3.50000E+01, 8.00000E+00, 7.00000E+01, 5.00000E+00, 2.50000E+01, 7.00000E+00, 4.10000E+01, 1.00000E+01, 3.10000E+01, 6.00000E+00, 2.40000E+01, 1.00000E+00), .Dim=c(9, 2)), Cm_F= structure(.Data= c(3.00000E+00, 0.00000E+00, 3.90000E+01, 3.00000E+00, 2.50000E+01, 0.00000E+00, 1.70000E+01, 2.00000E+00, 5.00000E+01, 2.00000E+00, 1.60000E+01, 0.00000E+00, 1.80000E+01, 1.00000E+00, 1.40000E+01, 1.00000E+00, 7.00000E+00, 0.00000E+00, 0.00000E+00, 1.00000E+00, 6.00000E+01, 1.00000E+00, 1.70000E+01, 1.60000E+01, 4.50000E+01, 5.00000E+00, 3.00000E+01, 5.00000E+00, 8.00000E+00, 2.00000E+00, 5.00000E+00, 5.00000E+00, 3.20000E+01, 0.00000E+00, 2.10000E+01, 5.00000E+00, 1.80000E+01, 5.00000E+00, 1.30000E+01, 2.00000E+00, 3.80000E+01, 4.00000E+00, 1.80000E+01, 1.00000E+01, 9.00000E+00, 2.00000E+00), .Dim=c(23, 2)), Cum_F= structure(.Data= c(1.40000E+01, 2.00000E+01, 1.00000E+01, 2.00000E+00, 8.00000E+00, 6.00000E+00, 7.00000E+00, 4.00000E+00, 5.00000E+00, 3.00000E+00, 4.00000E+00, 3.00000E+00, 1.90000E+01, 4.00000E+00, 4.00000E+00, 3.00000E+00, 5.00000E+00, 1.00000E+00, 0.00000E+00, 6.00000E+00, 2.60000E+01, 9.00000E+00, 1.00000E+01, 1.00000E+01, 2.50000E+01, 2.50000E+01, 2.00000E+01, 7.00000E+00, 4.00000E+00, 1.20000E+01, 0.00000E+00, 8.00000E+00, 2.60000E+01, 3.00000E+00, 7.00000E+00, 7.00000E+00, 1.60000E+01, 2.10000E+01, 1.60000E+01, 5.00000E+00, 1.80000E+01, 8.00000E+00, 3.40000E+01, 2.00000E+01, 2.40000E+01, 8.00000E+00), .Dim=c(23, 2)))
