list(cauchy=1.75700E+00, coef_PC=1.97900E-01, int_width=-7.73600E-01, mu_ydOir=c(2.41300E+00, 1.60100E+00, 1.85000E+00, 3.41700E-01), mup_rem=8.04300E-01, rate_lcpu=7.61700E-01, sigma_dOir=7.21100E-01, sigma_gryrOir=6.55300E-01, sigma_yOir=2.06600E+00, width_coef=8.58200E-01, gryr_Oir=c(-1.29800E-01, 1.63700E-02, 2.52600E-01, 8.96600E-01, 3.02200E-01, 1.50400E+00, -1.42800E-01, 2.35500E-01, -1.44600E-01, -2.26200E-01, 6.63700E-01, -5.17700E-01, -3.29800E-01, 5.84500E-02, 5.10700E-01, -2.00200E-01, 2.48700E-02, 3.02100E-02, 1.38500E+00, -2.88300E-01, -2.29600E-01, -7.03800E-01, 9.19400E-01, 1.54000E-01, 3.88300E-02, -6.08200E-01, 1.07700E+00, 1.51100E-01, 5.01800E-01, 6.99300E-01, 4.31300E-01, -2.31200E-01, -3.05000E-01, -8.53500E-01, -2.30600E-01, -9.85800E-03, -4.57600E-01, -5.05000E-01, -1.66700E-01, 9.74000E-01, 5.30800E-01, 1.49400E-01, 1.23800E-01, 6.74500E-01, 5.15300E-01, -8.70200E-01, -5.68200E-01, 3.90000E-02, 2.35500E-01, -5.42500E-01, 7.76800E-01, 4.22100E-02, 6.64400E-01, 2.90300E-01, 1.75600E-01, -1.58700E+00, 4.38700E-01, 1.43700E-01, 5.98500E-01, 7.65700E-01, -1.13700E+00, -2.55300E-01, -4.02400E-01, -2.47400E-01, -1.03100E+00, -2.98700E-01, -1.28500E+00, 6.40000E-01, -8.25900E-02, -1.74800E-01, -7.15800E-01, -3.84700E-01, -4.44100E-01, -1.95400E-01, 3.92800E-01, 3.94400E-01, 9.69400E-01, 7.45000E-01, 1.70300E-01, 7.64800E-01, 4.24900E-03, -1.00500E+00, -1.46200E-01, -1.97500E-01, 7.98200E-02, 8.49300E-02, -8.03900E-01, 1.31100E+00, -1.85000E-01, -8.48600E-01, 6.92300E-01, 7.36500E-01, 2.29000E-01, -4.03900E-01, 3.88600E-01, 7.12700E-02, -5.07800E-01, 7.83100E-01, -3.52900E-01, 3.04400E-01, -4.60600E-01, 4.80900E-01, -2.53400E-01, 1.22300E-01, -8.17800E-01, -3.11800E-01, -3.88400E-01, -8.32500E-01, 1.01400E-01, 5.25900E-01, 3.36600E-01, -8.74600E-01, -5.80600E-02, -5.52600E-01, 3.62800E-01, -1.19100E+00, 3.24800E-01, 4.05100E-01, -3.38000E-01, 1.44300E+00, 7.98500E-01, -1.51100E-01, -1.93200E-01, 1.47300E+00, 5.76000E-01, 1.36200E+00, -5.41500E-01, -1.01000E-01, -2.30700E+00, -4.30800E-01, -5.85100E-01, 6.73700E-02, 1.95800E-01, -2.51600E-01, -1.61100E-01, 5.60800E-02, 7.73900E-02, -5.18000E-01, 9.02900E-03, -7.46500E-02, 5.25200E-01, 1.05900E+00, 4.03600E-03, -3.63900E-02, -1.84800E-01, -7.27900E-01, -7.19600E-02, 7.74200E-01, -1.24800E+00, 5.98200E-01, -7.94500E-02, -2.89300E-01, 1.59900E+00, -3.91900E-01, 1.95100E-01, -1.62000E-01, -2.63700E-01, -2.46300E-01, 6.16000E-01, 7.33400E-02, 9.02600E-01, 2.91000E-01, 4.64200E-01, 4.51700E-01, 1.25400E+00, 6.22700E-01, -5.81800E-01, -8.31100E-02, -6.78600E-01, 2.27500E-01, -2.67700E-01, 9.61600E-01, 3.45300E-01, -4.08300E-01, 4.00500E-02, 2.81400E-01, -3.12300E-01, 6.95100E-02, 4.80000E-01, -9.20200E-03, -6.64900E-01, 6.93900E-01, 8.66800E-01, 1.00300E-01, 2.15800E-01, -9.68900E-02, -4.44400E-02, -1.67200E-01, 2.72900E-01, 6.01600E-01, 4.91900E-01, -1.14300E-01, 1.44900E-02, 9.77400E-01, -5.08300E-01, -2.35000E-01, -7.67800E-02, -2.66400E-01, -3.02300E-01, 5.48000E-01, 5.40500E-01, -1.02200E-01, -2.68800E-01, 6.88700E-01, 1.75700E-01, -2.64400E-01, -5.81800E-01, -3.36200E-01, -1.00000E+00, -1.39400E-01, -5.71900E-01, 7.95500E-01, 9.77700E-01, 8.93700E-01, -2.66000E-01, -4.38300E-01, -1.34900E-01, 8.37700E-03, 3.42600E-01, 7.15500E-01, 1.37000E+00, 1.32100E+00, 1.79100E+00, 9.42400E-01, 3.98400E-01, 8.93200E-01, -3.85500E-01, -5.93500E-01, 4.96300E-01, -5.44100E-01, 1.39300E-01, -3.72300E-01, -3.33200E-01, -3.88700E-01, -4.36300E-01, 1.37000E+00, 1.32100E+00, 1.79100E+00, 9.42400E-01, 3.98400E-01, 8.93200E-01, -3.85500E-01, -5.93500E-01, 4.96300E-01, -5.44100E-01, 1.39300E-01, -3.72300E-01, -3.33200E-01, -3.88700E-01, -4.36300E-01, 9.02600E-01, 2.91000E-01, 4.64200E-01, 4.51700E-01, 1.25400E+00, 6.22700E-01, -5.81800E-01, -8.31100E-02, -6.78600E-01, 2.27500E-01, -2.67700E-01, 9.61600E-01, 3.45300E-01, -4.08300E-01, 4.00500E-02, 2.81400E-01, -3.12300E-01, 6.95100E-02, 4.80000E-01, -9.20200E-03, -6.64900E-01, 6.93900E-01, 8.66800E-01, 1.00300E-01, 2.15800E-01, -9.68900E-02, -4.44400E-02, -1.67200E-01, 2.72900E-01, 6.01600E-01, 4.91900E-01, -1.14300E-01, 1.44900E-02, 9.77400E-01, -5.08300E-01, -2.35000E-01, -7.67800E-02, -2.66400E-01, -3.02300E-01, 5.48000E-01, 5.40500E-01, -1.02200E-01, -2.68800E-01, 6.88700E-01, 1.75700E-01, -2.64400E-01, -5.81800E-01, -3.36200E-01, -1.00000E+00, -1.39400E-01, 6.92300E-01, 7.36500E-01, 2.29000E-01, -4.03900E-01, 3.88600E-01, 7.12700E-02, -5.07800E-01, 7.83100E-01, -3.52900E-01, 3.04400E-01, -4.60600E-01, 4.80900E-01, -2.53400E-01, 1.22300E-01, -8.17800E-01, -3.11800E-01, -3.88400E-01, -8.32500E-01, 1.01400E-01, 5.25900E-01, 3.36600E-01, -8.74600E-01, -5.80600E-02, -5.52600E-01, 3.62800E-01, -1.19100E+00, 3.24800E-01, 4.05100E-01, -3.38000E-01, 1.44300E+00, 7.98500E-01, -1.51100E-01, -1.93200E-01, 1.47300E+00, 5.76000E-01, 1.36200E+00, -5.41500E-01, -1.01000E-01, -2.30700E+00, -4.30800E-01, -5.85100E-01, 6.73700E-02, 1.95800E-01, -2.51600E-01, -1.61100E-01, 5.60800E-02, 7.73900E-02, -5.18000E-01, 9.02900E-03, -7.46500E-02, 5.25200E-01, 1.05900E+00, 4.03600E-03, -3.63900E-02, -1.84800E-01, -7.27900E-01, -7.19600E-02, 7.74200E-01, -1.24800E+00, 5.98200E-01, 3.24100E-01, 3.24800E-01, 4.05100E-01, -3.38000E-01, 0.00000E+00, 0.00000E+00, 0.00000E+00, 0.00000E+00, 0.00000E+00, 0.00000E+00, 0.00000E+00, 0.00000E+00, 0.00000E+00, 0.00000E+00, 0.00000E+00, 0.00000E+00, 0.00000E+00, 0.00000E+00, 0.00000E+00, 0.00000E+00, 0.00000E+00, 0.00000E+00, 0.00000E+00, 0.00000E+00, 0.00000E+00, 0.00000E+00, 0.00000E+00, 0.00000E+00, 0.00000E+00, 0.00000E+00),