list(Nyears=3.300E+01, C_MC=c(5.080E+02, 2.750E+02, 2.960E+02, 5.410E+02, 7.420E+02, 1.500E+02, 5.740E+02, 2.080E+02, 3.270E+02, 6.180E+02, 7.640E+02, 2.020E+02, 5.200E+02, 1.950E+02, 1.837E+03, 6.810E+02, 1.868E+03, 8.400E+02, 8.480E+02, 6.580E+02, 8.870E+02, 7.270E+02, 1.242E+03, 1.828E+03, 6.860E+02, 9.990E+02, 9.720E+02, 5.720E+02, 7.390E+02, 1.248E+03, 5.080E+02, 8.990E+02, 4.510E+02), Cm_MC=c(8.900E+01, 3.100E+01, 5.900E+01, 6.500E+01, 3.800E+01, 3.500E+01, 5.000E+01, 2.600E+01, 1.700E+01, 6.300E+01, 7.600E+01, 6.800E+01, 9.200E+01, 5.900E+01, 2.870E+02, 2.270E+02, 4.420E+02, 3.260E+02, 2.690E+02, 2.520E+02, 3.400E+02, 1.830E+02, 3.310E+02, 3.440E+02, 1.690E+02, 3.770E+02, 1.870E+02, 2.680E+02, 2.640E+02, 3.600E+02, 1.890E+02, 3.200E+02, 2.390E+02), Cm_R=c(6.100E+01, 2.400E+01, 4.300E+01, 4.300E+01, 3.500E+01, 2.700E+01, 4.300E+01, 2.400E+01, 1.000E+01, 5.300E+01, 5.800E+01, 2.700E+01, 4.400E+01, 4.500E+01, 2.460E+02, 1.130E+02, 3.520E+02, 2.220E+02, 1.860E+02, 1.980E+02, 2.230E+02, 1.410E+02, 1.890E+02, 1.820E+02, 8.100E+01, 2.070E+02, 1.340E+02, 1.170E+02, 1.220E+02, 1.930E+02, 4.400E+01, 1.720E+02, 4.200E+01), D_MC=c(1.000E+00, 6.000E+00, 0.000E+00, 2.000E+00, 6.000E+00, 0.000E+00, 0.000E+00, 0.000E+00, 1.300E+01, 1.000E+00, 7.000E+00, 5.000E+00, 1.000E+00, 2.000E+00, 4.000E+00, 0.000E+00, 1.000E+00, 9.000E+00, 1.000E+00, 1.000E+00, 0.000E+00, 1.000E+00, 4.000E+00, 0.000E+00, 0.000E+00, 1.000E+00, 0.000E+00, 0.000E+00, 0.000E+00, 0.000E+00, 1.000E+00, 0.000E+00, 0.000E+00), eff_MC=c(1.000E+00, 1.000E+00, 3.000E+00, 4.000E+00, 2.000E+00, 2.000E+00, 2.000E+00, 1.000E+00, 2.000E+00, 3.000E+00, 3.000E+00, 1.200E+01, 5.000E+00, 6.000E+00, 1.200E+01, 1.200E+01, 2.100E+01, 2.200E+01, 2.100E+01, 1.300E+01, 1.800E+01, 1.100E+01, 1.700E+01, 1.600E+01, 7.000E+00, 1.100E+01, 8.000E+00, 1.200E+01, 1.300E+01, 1.800E+01, 1.100E+01, 1.100E+01, 1.700E+01), Q_MC=c(1.237E+03, 1.030E+03, 1.136E+03, 1.124E+03, 5.682E+02, 6.635E+02, 6.434E+02, 6.951E+02, 1.777E+03, 1.195E+03, 5.151E+02, 4.710E+02, 1.017E+03, 1.396E+03, 1.977E+03, 3.809E+03, 1.122E+03, 1.041E+03, 6.202E+02, 8.988E+02, 1.228E+03, 1.197E+03, 1.437E+03, 8.410E+02, 8.212E+02, 5.061E+02, 7.976E+02, 1.597E+03, 1.201E+03, 1.480E+03, 1.920E+03, 4.230E+02, 2.070E+03))
