list(Nyear=2.50000E+01, Q=c(2.17895E+00, 2.36256E+00, 1.54077E+00, 7.22641E-01, 4.90923E-01, 1.62205E+00, 2.77359E+00, 1.51000E+00, 1.15754E+00, 8.53154E-01, 3.31846E-01, 1.39359E+00, 5.06744E-01, 7.20513E-01, 1.75000E+00, 1.27949E+00, 7.77282E-01, 5.94051E-01, 6.20974E-01, 1.12256E+00, 6.15308E-01, 7.52692E-01, 1.11850E+00, 6.10000E-01, 7.50000E-01), Q95_10=c(1.19795E+00, 1.19795E+00, 1.19795E+00, 1.19795E+00, 1.19795E+00, 1.19795E+00, 1.19795E+00, 1.19795E+00, 1.19795E+00, 1.19795E+00, 1.19795E+00, 1.19795E+00, 1.19795E+00, 1.19795E+00, 1.19795E+00, 1.19795E+00, 1.19795E+00, 6.70286E-01, 6.70286E-01, 6.70286E-01, 6.70286E-01, 6.70286E-01, 6.70286E-01, 6.70286E-01, 6.70286E-01), Q95=c(1.19795E+00, 1.19795E+00, 1.19795E+00, 1.19795E+00, 1.19795E+00, 1.19795E+00, 1.19795E+00, 1.19795E+00, 1.19795E+00, 1.19795E+00, 1.19795E+00, 1.19795E+00, 1.19795E+00, 1.19795E+00, 1.19795E+00, 1.19795E+00, 1.19795E+00, 1.19795E+00, 1.19795E+00, 1.19795E+00, 1.19795E+00, 1.19795E+00, 1.19795E+00, 1.19795E+00, 1.19795E+00), Q96=c(7.94667E-01, 7.94667E-01, 7.94667E-01, 7.94667E-01, 7.94667E-01, 7.94667E-01, 7.94667E-01, 7.94667E-01, 7.94667E-01, 7.94667E-01, 7.94667E-01, 7.94667E-01, 7.94667E-01, 7.94667E-01, 7.94667E-01, 7.94667E-01, 7.94667E-01, 7.94667E-01, 7.94667E-01, 7.94667E-01, 7.94667E-01, 7.94667E-01, 7.94667E-01, 7.94667E-01, 7.94667E-01), Nstation=5.30000E+01, W_Sc= structure(.Data= c(2.05700E+01, 2.05700E+01, 2.05700E+01, 2.05700E+01, 2.05700E+01, 2.05700E+01, 2.05700E+01, 2.05700E+01, 2.05700E+01, 2.05700E+01, 2.05700E+01, 2.05700E+01, 2.05700E+01, 2.05700E+01, 2.05700E+01, 2.05700E+01, 2.05700E+01, 2.05700E+01, 2.05700E+01, 2.05700E+01, 2.05700E+01, 2.05700E+01, 2.05700E+01, 2.05700E+01, 2.05700E+01, 1.63900E+01, 1.63900E+01, 1.63900E+01, 1.63900E+01, 1.63900E+01, 1.63900E+01, 1.63900E+01, 1.63900E+01, 1.63900E+01, 1.63900E+01, 1.63900E+01, 1.63900E+01, 1.63900E+01, 1.63900E+01, 1.63900E+01, 1.63900E+01, 1.63900E+01, 1.63900E+01, 1.63900E+01, 1.63900E+01, 1.63900E+01, 1.63900E+01, 1.63900E+01, 1.63900E+01, 1.63900E+01, 2.74300E+01, 2.74300E+01, 2.74300E+01, 2.74300E+01, 2.74300E+01, 2.74300E+01, 2.74300E+01, 2.74300E+01, 2.74300E+01, 2.74300E+01, 2.74300E+01, 2.74300E+01, 2.74300E+01, 2.74300E+01, 2.74300E+01, 2.74300E+01, 2.74300E+01, 2.74300E+01, 2.74300E+01, 2.74300E+01, 2.74300E+01, 2.74300E+01, 2.74300E+01, 2.74300E+01, 2.74300E+01, 2.16300E+01, 2.16300E+01, 2.16300E+01, 2.16300E+01, 2.16300E+01, 2.16300E+01, 2.16300E+01, 2.16300E+01, 2.16300E+01, 2.16300E+01, 2.16300E+01, 2.16300E+01, 2.16300E+01, 2.16300E+01, 2.16300E+01, 2.16300E+01, 2.16300E+01, 2.16300E+01, 2.16300E+01, 2.16300E+01, 2.16300E+01, 2.16300E+01, 2.16300E+01, 2.16300E+01, 2.16300E+01, 2.43800E+01, 2.43800E+01, 2.43800E+01, 2.43800E+01, 2.43800E+01, 2.43800E+01, 2.43800E+01, 2.43800E+01, 2.43800E+01, 2.43800E+01, 2.43800E+01, 2.43800E+01, 2.43800E+01, 2.43800E+01, 2.43800E+01, 2.43800E+01, 2.43800E+01, 2.43800E+01, 2.43800E+01, 2.43800E+01, 2.43800E+01, 2.43800E+01, 2.43800E+01, 2.43800E+01, 2.43800E+01, 2.69800E+01, 2.69800E+01, 2.69800E+01, 2.69800E+01, 2.69800E+01, 2.69800E+01, 2.69800E+01, 2.69800E+01, 2.69800E+01, 2.69800E+01, 2.69800E+01, 2.69800E+01, 2.69800E+01, 2.69800E+01, 2.69800E+01, 2.69800E+01, 2.69800E+01, 2.69800E+01, 2.69800E+01, 2.69800E+01, 2.69800E+01, 2.69800E+01, 2.69800E+01, 2.69800E+01, 2.69800E+01, 2.28800E+01, 2.28800E+01, 2.28800E+01, 2.28800E+01, 2.28800E+01, 2.28800E+01, 2.28800E+01, 2.28800E+01, 2.28800E+01, 2.28800E+01, 2.28800E+01, 2.28800E+01, 2.28800E+01, 2.28800E+01, 2.28800E+01, 2.28800E+01, 2.28800E+01, 2.28800E+01, 2.28800E+01, 2.28800E+01, 2.28800E+01, 2.28800E+01, 2.28800E+01, 2.28800E+01, 2.28800E+01, 2.18600E+01, 2.18600E+01, 2.18600E+01, 2.18600E+01, 2.18600E+01, 2.18600E+01, 2.18600E+01, 2.18600E+01, 2.18600E+01, 2.18600E+01, 2.18600E+01, 2.18600E+01, 2.18600E+01, 2.18600E+01, 2.18600E+01, 2.18600E+01, 2.18600E+01, 2.18600E+01, 2.18600E+01, 2.18600E+01, 2.18600E+01, 2.18600E+01, 2.18600E+01, 2.18600E+01, 2.18600E+01, 1.88900E+01, 1.88900E+01, 1.88900E+01, 1.88900E+01, 1.88900E+01, 1.88900E+01, 1.88900E+01, 1.88900E+01, 1.88900E+01, 1.88900E+01, 1.88900E+01, 1.88900E+01, 1.88900E+01, 1.88900E+01, 1.88900E+01, 1.88900E+01, 1.88900E+01, 1.88900E+01, 1.88900E+01, 1.88900E+01, 1.88900E+01, 1.88900E+01, 1.88900E+01, 1.88900E+01, 1.88900E+01, 1.93100E+01, 1.93100E+01, 1.93100E+01, 1.93100E+01, 1.93100E+01, 1.93100E+01, 1.93100E+01, 1.93100E+01, 1.93100E+01, 1.93100E+01, 1.93100E+01, 1.93100E+01, 1.93100E+01, 1.93100E+01, 1.93100E+01, 1.93100E+01, 1.93100E+01, 1.93100E+01, 1.93100E+01, 1.93100E+01, 1.93100E+01, 1.93100E+01, 1.93100E+01, 1.93100E+01, 1.93100E+01, 2.14200E+01, 2.14200E+01, 2.14200E+01, 2.14200E+01, 2.14200E+01, 2.14200E+01, 2.14200E+01, 2.14200E+01, 2.14200E+01, 2.14200E+01, 2.14200E+01, 2.14200E+01, 2.14200E+01, 2.14200E+01, 2.14200E+01, 2.14200E+01, 2.14200E+01, 2.14200E+01, 2.14200E+01, 2.14200E+01, 2.14200E+01, 2.14200E+01, 2.14200E+01, 2.14200E+01, 2.14200E+01, 3.26700E+01, 3.26700E+01, 3.26700E+01, 3.26700E+01, 3.26700E+01, 3.26700E+01, 3.26700E+01, 3.26700E+01, 3.26700E+01, 3.26700E+01, 3.26700E+01, 3.26700E+01, 3.26700E+01, 3.26700E+01, 3.26700E+01, 3.26700E+01, 3.26700E+01, 3.26700E+01, 3.26700E+01, 3.26700E+01, 3.26700E+01, 3.26700E+01, 3.26700E+01, 3.26700E+01, 3.26700E+01, 2.71200E+01, 2.71200E+01, 2.71200E+01, 2.71200E+01, 2.71200E+01, 2.71200E+01, 2.71200E+01, 2.71200E+01, 2.71200E+01, 2.71200E+01, 2.71200E+01, 2.71200E+01, 2.71200E+01, 2.71200E+01, 2.71200E+01, 2.71200E+01, 2.71200E+01, 2.71200E+01, 2.71200E+01, 2.71200E+01, 2.71200E+01, 2.71200E+01, 2.71200E+01, 2.71200E+01, 2.71200E+01, 2.15800E+01, 2.15800E+01, 2.15800E+01, 2.15800E+01, 2.15800E+01, 2.15800E+01, 2.15800E+01, 2.15800E+01, 2.15800E+01, 2.15800E+01, 2.15800E+01, 2.15800E+01, 2.15800E+01, 2.15800E+01, 2.15800E+01, 2.15800E+01, 2.15800E+01, 2.15800E+01, 2.15800E+01, 2.15800E+01, 2.15800E+01, 2.15800E+01, 2.15800E+01, 2.15800E+01, 2.15800E+01, 2.54200E+01, 2.54200E+01, 2.54200E+01, 2.54200E+01, 2.54200E+01, 2.54200E+01, 2.54200E+01, 2.54200E+01, 2.54200E+01, 2.54200E+01, 2.54200E+01, 2.54200E+01, 2.54200E+01, 2.54200E+01, 2.54200E+01, 2.54200E+01, 2.54200E+01, 2.54200E+01, 2.54200E+01, 2.54200E+01, 2.54200E+01, 2.54200E+01, 2.54200E+01, 2.54200E+01, 2.54200E+01, 2.12500E+01, 2.12500E+01, 2.12500E+01, 2.12500E+01, 2.12500E+01, 2.12500E+01, 2.12500E+01, 2.12500E+01, 2.12500E+01, 2.12500E+01, 2.12500E+01, 2.12500E+01, 2.12500E+01, 2.12500E+01, 2.12500E+01, 2.12500E+01, 2.12500E+01, 2.12500E+01, 2.12500E+01, 2.12500E+01, 2.12500E+01, 2.12500E+01, 2.12500E+01, 2.12500E+01, 2.12500E+01, 2.58500E+01, 2.58500E+01, 2.58500E+01, 2.58500E+01, 2.58500E+01, 2.58500E+01, 2.58500E+01, 2.58500E+01, 2.58500E+01, 2.58500E+01, 2.58500E+01, 2.58500E+01, 2.58500E+01, 2.58500E+01, 2.58500E+01, 2.58500E+01, 2.58500E+01, 2.58500E+01, 2.58500E+01, 2.58500E+01, 2.58500E+01, 2.58500E+01, 2.58500E+01, 2.58500E+01, 2.58500E+01, 1.82200E+01, 1.82200E+01, 1.82200E+01, 1.82200E+01, 1.82200E+01, 1.82200E+01, 1.82200E+01, 1.82200E+01, 1.82200E+01, 1.82200E+01, 1.82200E+01, 1.82200E+01, 1.82200E+01, 1.82200E+01, 1.82200E+01, 1.82200E+01, 1.82200E+01, 1.82200E+01, 1.82200E+01, 1.82200E+01, 1.82200E+01, 1.82200E+01, 1.82200E+01, 1.82200E+01, 1.82200E+01, 1.82400E+01, 1.82400E+01, 1.82400E+01, 1.82400E+01, 1.82400E+01, 1.82400E+01, 1.82400E+01, 1.82400E+01, 1.82400E+01, 1.82400E+01, 1.82400E+01, 1.82400E+01, 1.82400E+01, 1.82400E+01, 1.82400E+01, 1.82400E+01, 1.82400E+01, 1.82400E+01, 1.82400E+01, 1.82400E+01, 1.82400E+01, 1.82400E+01, 1.82400E+01, 1.82400E+01, 1.82400E+01, 1.36200E+01, 1.36200E+01, 1.36200E+01, 1.36200E+01, 1.36200E+01, 1.36200E+01, 1.36200E+01, 1.36200E+01, 1.36200E+01, 1.36200E+01, 1.36200E+01, 1.36200E+01, 1.36200E+01, 1.36200E+01, 1.36200E+01, 1.36200E+01, 1.36200E+01, 1.36200E+01, 1.36200E+01, 1.36200E+01, 1.36200E+01, 1.36200E+01, 1.36200E+01, 1.36200E+01, 1.36200E+01, 1.42000E+01, 1.42000E+01, 1.42000E+01, 1.42000E+01, 1.42000E+01, 1.42000E+01, 1.42000E+01, 