list(int_width=-2.62000E-01, width_coef=4.53700E-01, eps=9.86900E-01, int_ydSc=1.80900E+00, log_flow=-4.61200E-01, mu_d=1.98400E+01, mup_rem=5.93100E-01, rate_d=2.61000E-02, rate_lcpu=3.90500E-01, sd_prem=7.43100E-01, sigma_dSc=3.26900E-01, sigma_siteSc=7.04100E-01, sigma_ySc=4.28600E-01, d=c(3.97500E+01, 3.43200E+01, 3.62400E+00, 2.62900E-01, 2.71600E+01, 2.05200E+00, 2.90700E+00, 4.03100E+01, 2.79400E+00, 9.29800E+00, 5.26100E-07, 2.52500E+00, 2.64100E+01, 1.63800E+00, 1.91600E+01, 4.73300E+01, 5.24700E+00, 1.30800E+00, 3.92000E+00, 1.42400E+01, 4.78700E+00, 3.22600E+01, 4.44900E+00, 3.37700E-01, 3.00300E+01, 1.53500E+00, 1.20900E+01, 1.33400E+01, 6.23300E+00, 5.93500E+01, 5.75300E+00, 8.55600E+00, 1.61400E+01, 2.98600E+01, 2.64700E+01, 4.59100E+01, 1.90100E+00, 5.35000E-01, 2.44500E+00, 7.70000E+00, 2.43000E+01, 1.51100E+01, 5.24600E+00, 4.41700E+01, 1.13900E+01, 3.86600E+00, 1.03500E+01, 2.44200E+01, 8.36400E-02, 5.73700E+00, 2.74100E+00, 5.80800E+00), lambda_cpu=c(4.34500E+01, 4.19600E+01, 2.65200E+00, 1.46400E-03, 1.92300E+01, 1.42500E+00, 1.55000E+00, 2.73900E+01, 5.36200E+00, 3.29100E+01, 2.06000E+00, 5.22100E+00, 3.00800E+01, 1.60800E+00, 1.85400E+01, 4.59700E+01, 5.39200E+00, 1.13300E+00, 2.97500E+00, 1.64500E+01, 1.47600E+01, 4.66200E+01, 7.64200E+00, 2.61000E+00, 5.20700E+01, 4.36200E+00, 2.64600E+01, 2.11300E+01, 1.84100E+01, 1.10100E+02, 2.32300E+01, 1.95600E+01, 2.85000E+01, 4.10800E+01, 8.40500E+01, 9.74000E+01, 3.39400E+00, 5.17600E+00, 6.18500E+00, 2.97700E+01, 6.43400E+01, 1.63400E+01, 1.54600E+01, 1.03000E+02, 3.81900E+01, 2.33300E+01, 1.90500E+01, 5.22500E+01, 1.93200E-03, 1.93500E+01, 8.07800E+00, 1.34000E+01), lp_rem1=c(2.09500E+00, 3.62400E-01, -2.05300E-01, 1.16500E+00, 6.66700E-01, 7.36000E-01, 1.19500E+00, 1.19600E+00, 4.06400E-01, 7.50600E-01, -2.30300E-01, -7.72700E-01, 1.18700E-01, 3.28800E-01, -5.52900E-01, 2.79900E-01, 5.59500E-01, 7.18600E-01, 2.99200E-01, -1.04700E-01, 1.23500E+00, 4.13200E-01, -9.52300E-02, 1.54300E+00, 7.41900E-01, -2.76900E-01, 4.57500E-01, 6.65300E-01, 6.97800E-02, 1.95000E+00, 1.21900E-01, 9.61800E-01, 9.71600E-01, -6.36600E-01, -2.45600E-01, 9.66100E-02, -6.02800E-01, 1.75500E+00, 5.05100E-02, -5.20100E-01, -1.76800E+00, 1.24700E+00, 3.40400E-01, 7.24000E-01, 1.02800E+00, 1.31700E+00, 5.20200E-01, 5.51500E-01, -1.83900E-01, 6.58900E-01, 1.58900E+00, 7.23800E-01), ntot=c(7.10000E+01, 7.10000E+01, 1.20000E+01, 0.00000E+00, 5.40000E+01, 3.00000E+00, 4.00000E+00, 6.10000E+01, 3.00000E+00, 2.10000E+01, 0.00000E+00, 1.50000E+01, 1.30000E+02, 6.00000E+00, 7.90000E+01, 1.36000E+02, 2.80000E+01, 4.00000E+00, 1.30000E+01, 4.90000E+01, 1.80000E+01, 1.14000E+02, 3.20000E+01, 3.00000E+00, 2.35000E+02, 1.30000E+01, 1.05000E+02, 5.90000E+01, 5.00000E+01, 1.78000E+02, 5.40000E+01, 6.70000E+01, 8.60000E+01, 1.50000E+02, 2.48000E+02, 3.60000E+02, 1.60000E+01, 6.00000E+00, 2.60000E+01, 4.20000E+01, 1.82000E+02, 1.01000E+02, 3.30000E+01, 2.05000E+02, 8.80000E+01, 5.50000E+01, 7.10000E+01, 2.83000E+02, 0.00000E+00, 1.02000E+02, 5.10000E+01, 9.10000E+01), site_Sc=c(-6.54100E-01, -1.70200E-01, 2.94600E-01, 5.06800E-01, 2.63700E-01, 8.27600E-02, -4.45500E-01, -3.39100E-01, -2.09000E-01, -1.70800E-01, 3.61600E-01, 1.30600E-01, 2.90100E-01, 9.34900E-01, 3.89700E-01, 3.80500E-01, -3.24200E-03, 1.20800E-01, 6.52600E-01, 1.54000E-01, 3.38100E-02, -6.46000E-02, -5.64900E-01, -3.68500E-01, -5.59200E-01, -1.35500E-01, 1.11200E-01, -2.49300E-01, 4.07300E-01, 6.15900E-01, 5.92900E-01, -3.19200E-01, 5.00400E-01, 6.18100E-02, 4.93800E-01, -3.14400E-01, 3.64300E-01, -9.69500E-01, -4.13900E-01, -4.12700E-01, -4.35900E-01, 8.05100E-02, -6.26700E-01, -6.07800E-02, -1.03200E+00, -1.24700E+00, -1.98800E-01, -1.92400E+00, -1.76900E+00, -1.19300E+00, -4.94200E-01, 3.39000E-01, -1.66100E-01), CPUE_Sc= structure(.Data= c(    NA,     NA,     NA,     NA,     NA,     NA,     NA,     NA,     NA,     NA,     NA,     NA,     NA,     NA,     NA,     NA,     NA,     NA,     NA,     NA,     NA,     NA,     NA,     NA, 1.00000E+01,     NA,     NA,     NA,     NA,     NA,     NA,     NA,     NA,     NA,     NA,     NA,     NA,     NA,     NA,     NA,     NA,     NA,     NA,     NA,     NA,     NA,     NA,     NA,     NA,     NA,     NA,     NA,     NA,     NA,     NA,     NA,     NA,     NA,     NA,     NA,     NA,     NA,     NA,     NA,     NA,     NA,     NA,     NA,     NA,     NA,     NA,     NA,     NA,     NA,     NA,     NA,     NA,     NA,     NA,     NA,     NA,     NA,     NA,     NA,     NA,     NA,     NA,     NA,     NA,     NA,     NA,     NA,     NA,     NA,     NA,     NA,     NA,     NA,     NA,     NA,     NA,     NA,     NA,     NA,     NA,     NA,     NA,     NA,     NA,     NA,     NA,     NA,     NA,     NA,     NA,     NA,     NA,     NA,     NA,     NA,     NA,     NA,     NA,     NA,     NA,     NA,     NA,     NA,     NA,     NA,     NA,     NA,     NA,     NA,     NA,     NA,     NA,     NA,     NA,     NA,     NA,     NA,     NA,     NA,     NA,     NA,     NA,     NA,     NA,     NA,     NA,     NA,     NA,     NA,     NA,     NA,     NA,     NA,     NA,     NA,     NA,     NA,     NA,     NA,     NA,     NA,     NA,     NA,     NA,     NA,     NA,     NA,     NA,     NA,     NA,     NA,     NA,     NA,     NA,     NA,     NA,     NA,     NA,     NA,     NA,     NA,     NA,     NA,     NA,     NA,     NA,     NA,     NA,     NA,     NA,     NA,     NA,     NA,     NA,     NA,     NA,     NA,     NA,     NA,     NA,     NA,     NA,     NA,     NA,     NA,     NA,     NA,     NA,     NA,     NA,     NA,     NA,     NA,     NA,     NA,     NA,     NA,     NA,     NA,     NA,     NA,     NA,     NA,     NA,     NA,     NA,     NA,     NA,     NA,     NA,     NA,     NA,     NA,     NA,     NA,     NA,     NA,     NA,     NA,     NA,     NA,     NA,     NA,     NA,     NA,     NA,     NA,     NA,     NA,     NA,     NA,     NA,     NA,     NA,     NA,     NA,     NA,     NA,     NA,     NA,     NA,     NA,     NA,     NA,     NA,     NA,     NA,     NA,     NA,     NA,     NA,     NA,     NA,     NA,     NA,     NA,     NA,     NA,     NA,     NA,     NA,     NA,     NA,     NA,     NA,     NA,     NA,     NA,     NA,     NA,     NA,     NA,     NA,     NA,     NA,     NA,     NA,     NA,     NA,     NA,     NA,     NA,     NA,     NA,     NA,     NA,     NA,     NA,     NA,     NA,     NA,     NA,     NA,     NA,     NA,     NA,     NA,     NA,     NA,     NA,     NA,     NA,     NA,     NA,     NA,     NA,     NA,     NA,     NA,     NA,     NA,     NA,     NA,     NA,     NA,     NA,     NA,     NA,     NA,     NA,     NA,     NA,     NA,     NA,     NA,     NA,     NA,     NA,     NA,     NA,     NA,     NA,     NA,     NA,     NA,     NA,     NA,     NA,     NA,     NA,     NA,     NA,     NA,     NA,     NA,     NA,     NA,     NA,     NA,     NA,     NA,     NA,     NA,     NA,     NA,     NA,     NA,     NA,     NA,     NA,     NA,     NA,     NA,     NA,     NA,     NA,     NA,     NA,     NA,     NA,     NA,     NA,     NA,     NA,     NA,     NA,     NA,     NA,     NA,     NA,     NA,     NA,     NA,     NA,     NA,     NA,     NA,     NA,     NA,     NA,     NA,     NA,     NA,     NA,     NA,     NA,     NA,     NA,     NA,     NA,     NA,     NA,     NA,     NA,     NA,     NA,     NA,     NA,     NA,     NA,     NA,     NA,     NA,     NA,     NA,     NA,     NA,     NA,     NA,     NA,     NA,     NA,     NA,     NA,     NA,     NA,     NA,     NA,     NA,     NA,     NA,     NA,     NA,     NA,     NA,     NA,     NA,     NA,     NA,     NA,     NA,     NA,     NA,     NA,     NA,     NA,     NA,     NA,     NA,     NA,     NA,     NA,     NA,     NA,     NA,     NA,     NA,     NA,     NA,     NA,     NA,     NA,     NA,     NA,     NA,     NA,     NA,     NA,     NA,     NA,     NA,     NA,     NA,     NA,     NA,     NA,     NA,     NA,     NA,     NA,     NA,     NA,     NA,     NA,     NA,     NA,     NA,     NA,     NA,     NA,     NA,     NA,     NA,     NA,     NA,     NA,     NA,     NA,     NA,  