list(Nyears=3.20000E+01, C_MC=c(5.08000E+02, 2.75000E+02, 2.96000E+02, 5.41000E+02, 7.42000E+02, 1.50000E+02, 5.74000E+02, 2.08000E+02, 3.27000E+02, 6.18000E+02, 7.64000E+02, 2.02000E+02, 5.20000E+02, 1.95000E+02, 1.83700E+03, 6.81000E+02, 1.86800E+03, 8.40000E+02, 8.48000E+02, 6.58000E+02, 8.87000E+02, 7.27000E+02, 1.24200E+03, 1.82800E+03, 6.86000E+02, 9.99000E+02, 9.72000E+02, 5.72000E+02, 7.39000E+02, 1.24800E+03, 5.08000E+02, 8.99000E+02), Cm_MC=c(8.90000E+01, 3.10000E+01, 5.90000E+01, 6.50000E+01, 3.80000E+01, 3.50000E+01, 5.00000E+01, 2.60000E+01, 1.70000E+01, 6.30000E+01, 7.60000E+01, 6.80000E+01, 9.20000E+01, 5.90000E+01, 2.87000E+02, 2.27000E+02, 4.42000E+02, 3.26000E+02, 2.69000E+02, 2.52000E+02, 3.40000E+02, 1.83000E+02, 3.31000E+02, 3.44000E+02, 1.69000E+02, 3.77000E+02, 1.87000E+02, 2.68000E+02, 2.64000E+02, 3.60000E+02, 1.89000E+02, 3.20000E+02), Cm_R=c(6.10000E+01, 2.40000E+01, 4.30000E+01, 4.30000E+01, 3.50000E+01, 2.70000E+01, 4.30000E+01, 2.40000E+01, 1.00000E+01, 5.30000E+01, 5.80000E+01, 2.70000E+01, 4.40000E+01, 4.50000E+01, 2.46000E+02, 1.13000E+02, 3.52000E+02, 2.22000E+02, 1.86000E+02, 1.98000E+02, 2.23000E+02, 1.41000E+02, 1.89000E+02, 1.82000E+02, 8.10000E+01, 2.07000E+02, 1.34000E+02, 1.17000E+02, 1.22000E+02, 1.93000E+02, 4.40000E+01, 1.72000E+02), D_MC=c(1.00000E+00, 6.00000E+00, 0.00000E+00, 2.00000E+00, 6.00000E+00, 0.00000E+00, 0.00000E+00, 0.00000E+00, 1.30000E+01, 1.00000E+00, 7.00000E+00, 5.00000E+00, 1.00000E+00, 2.00000E+00, 4.00000E+00, 0.00000E+00, 1.00000E+00, 9.00000E+00, 1.00000E+00, 1.00000E+00, 0.00000E+00, 1.00000E+00, 4.00000E+00, 0.00000E+00, 0.00000E+00, 1.00000E+00, 0.00000E+00, 0.00000E+00, 0.00000E+00, 0.00000E+00, 1.00000E+00, 0.00000E+00), eff_MC=c(1.00000E+00, 1.00000E+00, 3.00000E+00, 4.00000E+00, 2.00000E+00, 2.00000E+00, 2.00000E+00, 1.00000E+00, 2.00000E+00, 3.00000E+00, 3.00000E+00, 1.20000E+01, 5.00000E+00, 6.00000E+00, 1.20000E+01, 1.20000E+01, 2.10000E+01, 2.20000E+01, 2.10000E+01, 1.30000E+01, 1.80000E+01, 1.10000E+01, 1.70000E+01, 1.60000E+01, 7.00000E+00, 1.10000E+01, 8.00000E+00, 1.20000E+01, 1.30000E+01, 1.80000E+01, 1.10000E+01, 1.10000E+01), Q_MC=c(1.23678E+03, 1.03033E+03, 1.13633E+03, 1.12410E+03, 5.68200E+02, 6.63533E+02, 6.43367E+02, 6.95067E+02, 1.77667E+03, 1.19507E+03, 5.15133E+02, 4.71033E+02, 1.01723E+03, 1.39567E+03, 1.97700E+03, 3.80900E+03, 1.12233E+03, 1.04057E+03, 6.20233E+02, 8.98800E+02, 1.22780E+03, 1.19723E+03, 1.43733E+03, 8.41033E+02, 8.21172E+02, 5.06143E+02, 7.97600E+02, 1.59720E+03, 1.20100E+03, 1.48000E+03, 1.92000E+03, 4.23000E+02))
