list(log_cess_MC=-2.22400E-01, rate_lambda=2.48000E-03, shape_lambda=2.89300E+00, logit_flow_MC=-5.50000E-01, logit_int_MC=7.00000E-01, Ntot=c(3.48000E+02, 2.12000E+02, 2.15000E+02, 3.57000E+02, 6.83000E+02, 1.15000E+02, 4.93000E+02, 1.92000E+02, 1.92000E+02, 5.19000E+02, 5.83000E+02, 8.00000E+01, 2.48000E+02, 1.48000E+02, 1.57400E+03, 3.39000E+02, 1.48700E+03, 5.72000E+02, 5.86000E+02, 5.17000E+02, 5.81000E+02, 5.60000E+02, 7.09000E+02, 9.67000E+02, 3.28000E+02, 5.48000E+02, 6.96000E+02, 2.49000E+02, 3.41000E+02, 6.69000E+02, 1.18000E+02, 4.83000E+02), lambda=c(3.48000E+02, 2.12000E+02, 2.15000E+02, 3.57000E+02, 6.83000E+02, 1.15000E+02, 4.93000E+02, 1.92000E+02, 1.92000E+02, 5.19000E+02, 5.83000E+02, 8.00000E+01, 2.48000E+02, 1.48000E+02, 1.57400E+03, 3.39000E+02, 1.48700E+03, 5.72000E+02, 5.86000E+02, 5.17000E+02, 5.81000E+02, 5.60000E+02, 7.09000E+02, 9.67000E+02, 3.28000E+02, 5.48000E+02, 6.96000E+02, 2.49000E+02, 3.41000E+02, 6.69000E+02, 1.18000E+02, 4.83000E+02), p_MC=c(6.85400E-01, 7.74200E-01, 7.28800E-01, 6.61500E-01, 9.21100E-01, 7.71400E-01, 8.60000E-01, 9.23100E-01, 5.88200E-01, 8.41300E-01, 7.63200E-01, 3.97100E-01, 4.78300E-01, 7.62700E-01, 8.57100E-01, 4.97800E-01, 7.96400E-01, 6.81000E-01, 6.91400E-01, 7.85700E-01, 6.55900E-01, 7.70500E-01, 5.71000E-01, 5.29100E-01, 4.79300E-01, 5.49100E-01, 7.16600E-01, 4.36600E-01, 4.62100E-01, 5.36100E-01, 2.32800E-01, 5.37500E-01))
