list(int_width=-3.111E-01, width_coef=6.513E-01, eps=9.893E-01, int_ydSc=1.801E+00, log_flow=-8.751E-01, mu_d=1.501E+01, sigma_d=6.267E-01, mup_rem=7.639E-01, p_lcpu=3.905E-01, sd_prem=2.455E-01, sigma_dSc=3.226E-01, sigma_siteSc=5.925E-01, sigma_ySc=4.652E-01, log_k_inter=0.000E+00, d=c(3.975E+01, 3.432E+01, 3.624E+00, 2.629E-01, 2.716E+01, 2.052E+00, 2.907E+00, 4.031E+01, 2.794E+00, 9.298E+00, 5.261E-07, 2.525E+00, 2.641E+01, 1.638E+00, 1.916E+01, 4.733E+01, 5.247E+00, 1.308E+00, 3.920E+00, 1.424E+01, 4.787E+00, 3.226E+01, 4.449E+00, 3.377E-01, 3.003E+01, 1.535E+00, 1.209E+01, 1.334E+01, 6.233E+00, 5.935E+01, 5.753E+00, 8.556E+00, 1.614E+01, 2.986E+01, 2.647E+01, 4.591E+01, 1.901E+00, 5.350E-01, 2.445E+00, 7.700E+00, 2.430E+01, 1.511E+01, 5.246E+00, 4.417E+01, 1.139E+01, 3.866E+00, 1.035E+01, 2.442E+01, 8.364E-02, 5.737E+00, 2.741E+00, 5.808E+00), lambda_cpu=c(4.345E+01, 4.196E+01, 2.652E+00, 1.464E-03, 1.923E+01, 1.425E+00, 1.550E+00, 2.739E+01, 5.362E+00, 3.291E+01, 2.060E+00, 5.221E+00, 3.008E+01, 1.608E+00, 1.854E+01, 4.597E+01, 5.392E+00, 1.133E+00, 2.975E+00, 1.645E+01, 1.476E+01, 4.662E+01, 7.642E+00, 2.610E+00, 5.207E+01, 4.362E+00, 2.646E+01, 2.113E+01, 1.841E+01, 1.101E+02, 2.323E+01, 1.956E+01, 2.850E+01, 4.108E+01, 8.405E+01, 9.740E+01, 3.394E+00, 5.176E+00, 6.185E+00, 2.977E+01, 6.434E+01, 1.634E+01, 1.546E+01, 1.030E+02, 3.819E+01, 2.333E+01, 1.905E+01, 5.225E+01, 1.932E-03, 1.935E+01, 8.078E+00, 1.340E+01), lp_rem1=c(2.095E+00, 3.624E-01, -2.053E-01, 1.165E+00, 6.667E-01, 7.360E-01, 1.195E+00, 1.196E+00, 4.064E-01, 7.506E-01, -2.303E-01, -7.727E-01, 1.187E-01, 3.288E-01, -5.529E-01, 2.799E-01, 5.595E-01, 7.186E-01, 2.992E-01, -1.047E-01, 1.235E+00, 4.132E-01, -9.523E-02, 1.543E+00, 7.419E-01, -2.769E-01, 4.575E-01, 6.653E-01, 6.978E-02, 1.950E+00, 1.219E-01, 9.618E-01, 9.716E-01, -6.366E-01, -2.456E-01, 9.661E-02, -6.028E-01, 1.755E+00, 5.051E-02, -5.201E-01, -1.768E+00, 1.247E+00, 3.404E-01, 7.240E-01, 1.028E+00, 1.317E+00, 5.202E-01, 5.515E-01, -1.839E-01, 6.589E-01, 1.589E+00, 7.238E-01), ntot=c(7.100E+01, 7.100E+01, 1.200E+01, 0.000E+00, 5.400E+01, 3.000E+00, 4.000E+00, 6.100E+01, 3.000E+00, 2.100E+01, 0.000E+00, 1.500E+01, 1.300E+02, 6.000E+00, 7.900E+01, 1.360E+02, 2.800E+01, 4.000E+00, 1.300E+01, 4.900E+01, 1.800E+01, 1.140E+02, 3.200E+01, 3.000E+00, 2.350E+02, 1.300E+01, 1.050E+02, 5.900E+01, 5.000E+01, 1.780E+02, 5.400E+01, 6.700E+01, 8.600E+01, 1.500E+02, 2.480E+02, 3.600E+02, 1.600E+01, 6.000E+00, 2.600E+01, 4.200E+01, 1.820E+02, 1.010E+02, 3.300E+01, 2.050E+02, 8.800E+01, 5.500E+01, 7.100E+01, 2.830E+02, 0.000E+00, 1.020E+02, 5.100E+01, 9.100E+01), site_Sc=c(-6.541E-01, -1.702E-01, 2.946E-01, 5.068E-01, 2.637E-01, 8.276E-02, -4.455E-01, -3.391E-01, -2.090E-01, -1.708E-01, 3.616E-01, 1.306E-01, 2.901E-01, 9.349E-01, 3.897E-01, 3.805E-01, -3.242E-03, 1.208E-01, 6.526E-01, 1.540E-01, 3.381E-02, -6.460E-02, -5.649E-01, -3.685E-01, -5.592E-01, -1.355E-01, 1.112E-01, -2.493E-01, 4.073E-01, 6.159E-01, 5.929E-01, -3.192E-01, 5.004E-01, 6.181E-02, 4.938E-01, -3.144E-01, 3.643E-01, -9.695E-01, -4.139E-01, -4.127E-01, -4.359E-01, 8.051E-02, -6.267E-01, -6.078E-02, -1.032E+00, -1.247E+00, -1.988E-01, -1.924E+00, -1.769E+00, -1.193E+00, -4.942E-01, 3.390E-01, -1.661E-01), CPUE_Sc= structure(.Data= c(  NA,   NA,   NA,   NA,   NA,   NA,   NA,   NA,   NA,   NA,   NA,   NA,   NA,   NA,   NA,   NA,   NA,   NA,   NA,   NA,   NA,   NA,   NA,   NA,   NA,   NA,   NA,   NA,   NA,   NA,   NA,   NA, 6.000E+00,   NA,   NA,   NA,   NA,   NA,   NA,   NA,   NA,   NA,   NA,   NA,   NA,   NA,   NA,   NA,   NA,   NA,   NA,   NA,   NA,   NA,   NA,   NA,   NA,   NA,   NA,   NA,   NA,   NA,   NA,   NA,   NA,   NA,   NA,   NA,   NA,   NA,   NA,   NA,   NA,   NA,   NA,   NA,   NA,   NA,   NA,   NA,   NA,   NA,   NA,   NA,   NA,   NA,   NA,   NA,   NA,   NA,   NA,   NA,   NA,   NA,   NA,   NA,   NA,   NA,   NA,   NA,   NA,   NA,   NA,   NA,   NA,   NA,   NA,   NA,   NA,   NA,   NA,   NA,   NA,   NA,   NA,   NA,   NA,   NA,   NA,   NA,   NA,   NA,   NA,   NA,   NA,   NA,   NA,   NA,   NA,   NA,   NA,   NA,   NA,   NA,   NA,   NA,   NA,   NA,   NA,   NA,   NA,   NA,   NA,   NA,   NA,   NA,   NA,   NA,   NA,   NA,   NA,   NA,   NA,   NA,   NA,   NA,   NA,   NA,   NA,   NA,   NA,   NA,   NA,   NA,   NA,   NA,   NA,   NA,   NA,   NA,   NA,   NA,   NA,   NA,   NA,   NA,   NA,   NA,   NA,   NA,   NA,   NA,   NA,   NA,   NA,   NA,   NA,   NA,   NA,   NA,   NA,   NA,   NA,   NA,   NA,   NA,   NA,   NA,   NA,   NA,   NA,   NA,   NA,   NA,   NA,   NA,   NA,   NA,   NA,   NA,   NA,   NA,   NA,   NA,   NA,   NA,   NA,   NA,   NA,   NA,   NA,   NA,   NA,   NA,   NA,   NA,   NA,   NA,   NA,   NA,   NA,   NA,   NA,   NA,   NA,   NA,   NA,   NA,   NA,   NA,   NA,   NA,   NA,   NA,   NA,   NA,   NA,   NA,   NA,   NA,   NA,   NA,   NA,   NA,   NA,   NA,   NA,   NA,   NA,   NA,   NA,   NA,   NA,   NA,   NA,   NA,   NA,   NA,   NA,   NA,   NA,   NA,   NA,   NA,   NA,   NA,   NA,   NA,   NA,   NA,   NA,   NA,   NA,   NA,   NA,   NA,   NA,   NA,   NA,   NA,   NA,   NA,   NA,   NA,   NA,   NA,   NA,   NA,   NA,   NA,   NA,   NA,   NA,   NA,   NA,   NA,   NA,   NA,   NA,   NA,   NA,   NA,   NA,   NA,   NA,   NA,   NA,   NA,   NA,   NA,   NA,   NA,   NA,   NA,   NA,   NA,   NA,   NA,   NA,   NA,   NA,   NA,   NA,   NA,   NA,   NA,   NA,   NA,   NA,   NA,   NA,   NA,   NA,   NA,   NA,   NA,   NA,   NA,   NA,   NA,   NA,   NA,   NA,   NA,   NA,   NA,   NA,   NA,   NA,   NA,   NA,   NA,   NA,   NA,   NA,   NA,   NA,   NA,   NA,   NA,   NA,   NA,   NA,   NA,   NA,   NA,   NA,   NA,   NA,   NA,   NA,   NA,   NA,   NA,   NA,   NA,   NA,   NA,   NA,   NA,   NA,   NA,   NA,   NA,   NA,   NA,   NA,   NA,   NA,   NA,   NA,   NA,   NA,   NA,   NA,   NA,   NA,   NA,   NA,   NA,   NA,   NA,   NA,   NA,   NA,   NA,   NA,   NA,   NA,   NA,   NA,   NA,   NA,   NA,   NA,   NA,   NA,   NA,   NA,   NA,   NA,   NA,   NA,   NA,   NA,   NA,   NA,   NA,   NA,   NA,   NA,   NA,   NA,   NA,   NA,   NA,   NA,   NA,   NA,   NA,   NA,   NA,   NA,   NA,   NA,   NA,   NA,   NA,   NA,   NA,   NA,   NA,   NA,   NA,   NA,   NA,   NA,   NA,   NA,   NA,   NA,   NA,   NA,   NA,   NA,   NA,   NA,   NA,   NA,   NA,   NA,   NA,   NA,   NA,   NA,   NA,   NA,   NA,   NA,   NA,   NA,   NA,   NA,   NA,   NA,   NA,   NA,   NA,   NA,   NA,   NA,   NA,   NA,   NA,   NA,   NA,   NA,   NA,   NA,   NA,   NA,   NA,   NA,   NA,   NA,   NA,   NA,   NA,   NA,   NA,   NA,   NA,   NA,   NA,   NA,   NA,   NA,   NA,   NA,   NA,   NA,   NA,   NA,   NA,   NA,   NA,   NA,   NA,   NA,   NA,   NA,   NA,   NA,   NA,   NA,   NA,   NA,   NA,   NA,   NA,   NA,   NA,   NA,   NA,   NA,   NA,   NA,   NA,   NA,   NA,   NA,   NA,   NA,   NA,   NA,   NA,   NA,   NA,   NA,   NA,   NA,   NA,   NA,   NA,   NA,   NA,   NA,   NA,   NA,   NA,   NA,   NA,   NA,   NA,   NA,   NA,   NA,   NA,   NA,   NA,   NA,   NA,   NA,   NA,   NA,   NA,   NA,   NA,   NA,   NA,   NA,   NA,   NA,   NA,   NA,   NA,   NA,   NA,   NA,   NA,   NA,   NA,   NA,   NA,   NA,   NA,   NA,   NA,   NA,   NA,   NA,   NA,   NA,   NA,   NA,   NA,   NA,   NA,   NA,   NA,   NA,   NA,   NA,   NA,   NA,   NA,   NA,   NA,   NA,   NA,   NA,   NA,   NA,   NA,   NA,   NA,   NA,   NA,   NA,   NA,   NA,   NA,   NA,   NA,   NA,   NA,   NA,   NA,   NA,   NA,   NA,   NA,   NA,   NA,   NA,   NA,   NA,   NA,   NA,   NA,   NA,   NA,   NA,   NA,   NA,   NA,   NA,   NA,   NA,   NA,   NA,   NA,   NA,   NA,   NA,   NA,   NA,   NA,   NA,   NA,   NA,   NA,   NA,   NA,   NA,   NA,   NA,   NA,   NA,   NA,   NA,   NA,   NA,   NA,   NA,   NA,   NA,   NA,   NA,   NA,   NA,   NA,   NA,   NA,   NA,   NA,   NA,   NA,   NA,   NA,   NA,   NA,   NA,   NA,   NA,   NA,   NA,   NA,   NA,   NA,   NA,   NA,   NA,   NA,   NA,   NA,   NA,   NA,   NA,   NA,   NA,   NA,   NA,   NA,   NA,   NA,   NA,   NA,   NA,   NA,   NA,   NA,   NA,   NA,   NA,   NA,   NA,   NA,   NA,   NA,   NA,   NA,   NA,   NA,   NA,   NA,   NA,   NA,   NA,   NA,   NA,   NA,   NA,   NA,   NA,   NA,   NA,   NA,   NA,   NA,   NA,   NA,   NA,   NA,   NA,   NA,   