list(Y=3.30000E+01, Q2pic=c(6.46629E+03, 5.32631E+03, 5.40180E+03, 8.41090E+03, 5.94366E+03, 4.92998E+03, 4.39932E+03, 4.50977E+03, 6.26053E+03, 6.03720E+03, 6.16809E+03, 5.03814E+03, 4.07344E+03, 4.33988E+03, 6.52310E+03, 5.20628E+03, 9.59656E+03, 8.61590E+03, 7.45590E+03, 5.32475E+03, 4.62180E+03, 4.77049E+03, 4.76180E+03, 5.71459E+03, 7.37787E+03, 5.54459E+03, 5.96213E+03, 4.41492E+03, 7.02574E+03, 8.21000E+03, 6.95230E+03, 6.00197E+03, 6.42836E+03), Cm_B= structure(.Data= c(6.00000E+00, 0.00000E+00, 2.00000E+01, 1.00000E+00, 9.00000E+00, 1.00000E+00, 6.00000E+00, 3.00000E+00, 0.00000E+00, 1.00000E+00,     NA,     NA, 2.00000E+00, 0.00000E+00, 7.00000E+00, 0.00000E+00, 5.00000E+00, 2.00000E+00,     NA,     NA, 1.00000E+00, 0.00000E+00, 2.00000E+00, 1.00000E+00, 3.00000E+00, 3.00000E+00, 1.00000E+00, 0.00000E+00, 8.00000E+00, 2.00000E+00, 1.00000E+00, 0.00000E+00,     NA,     NA,     NA,     NA, 1.30000E+01, 5.00000E+00, 0.00000E+00, 1.00000E+00, 1.10000E+01, 2.00000E+00, 3.70000E+01, 2.00000E+00, 1.30000E+01, 3.00000E+00, 1.00000E+00, 0.00000E+00, 5.00000E+00, 0.00000E+00, 1.20000E+01, 4.00000E+00, 1.00000E+01, 2.00000E+00, 1.50000E+01, 1.00000E+00, 7.00000E+00, 1.00000E+00, 5.00000E+00, 0.00000E+00, 3.00000E+00, 2.00000E+00, 1.20000E+01, 2.00000E+00, 7.00000E+00, 1.00000E+00), .Dim=c(33, 2)), Cum_B= structure(.Data= c(2.00000E+00, 1.00000E+00, 4.00000E+00, 0.00000E+00, 5.00000E+00, 1.00000E+00, 3.00000E+00, 1.00000E+00, 1.00000E+00, 0.00000E+00,     NA,     NA, 1.00000E+00, 0.00000E+00, 3.00000E+00, 0.00000E+00, 0.00000E+00, 0.00000E+00,     NA,     NA, 1.00000E+00, 1.00000E+00, 1.50000E+01, 0.00000E+00, 3.00000E+00, 2.00000E+00, 0.00000E+00, 0.00000E+00, 4.00000E+00, 1.00000E+00, 1.00000E+00, 5.00000E+00,     NA,     NA,     NA,     NA, 1.20000E+01, 4.00000E+00, 0.00000E+00, 0.00000E+00, 7.00000E+00, 1.00000E+00, 2.40000E+01, 3.00000E+00, 6.00000E+00, 6.00000E+00, 5.00000E+00, 0.00000E+00, 4.00000E+00, 1.00000E+00, 1.00000E+00, 0.00000E+00, 3.00000E+00, 3.00000E+00, 0.00000E+00, 0.00000E+00, 2.00000E+00, 0.00000E+00, 3.00000E+00, 3.00000E+00, 3.00000E+00, 3.00000E+00, 0.00000E+00, 2.00000E+00, 4.00000E+00, 0.00000E+00), .Dim=c(33, 2)), C_Eu= structure(.Data= c(4.30000E+01, 2.60000E+01, 7.80000E+01, 1.90000E+01, 1.19000E+02, 1.90000E+01, 9.80000E+01, 2.50000E+01, 5.30000E+01, 1.20000E+01, 1.21000E+02, 2.00000E+01, 5.00000E+01, 3.30000E+01, 1.18000E+02, 1.90000E+01, 1.23000E+02, 3.50000E+01, 3.30000E+01, 1.60000E+01, 2.60000E+01, 5.00000E+00, 2.30000E+01, 1.00000E+00, 1.80000E+01, 1.60000E+01, 2.40000E+01, 1.00000E+01, 1.77000E+02, 1.00000E+01, 1.20000E+01, 1.30000E+01, 7.00000E+00, 4.00000E+00, 8.00000E+00, 1.00000E+00, 5.60000E+01, 1.30000E+01, 1.30000E+01, 1.00000E+01, 4.50000E+01, 9.00000E+00, 1.59000E+02, 3.00000E+01, 7.30000E+01, 6.60000E+01, 3.10000E+01, 1.30000E+01, 7.80000E+01, 3.00000E+00, 7.10000E+01, 3.40000E+01, 1.05000E+02, 2.40000E+01, 1.23000E+02, 2.40000E+01, 9.70000E+01, 2.40000E+01, 9.30000E+01, 4.20000E+01, 6.40000E+01, 2.80000E+01, 1.06000E+02, 3.30000E+01, 1.16000E+02, 1.50000E+01), .Dim=c(33, 2)), Cm_Eu= structure(.Data= c(4.30000E+01, 2.50000E+01, 7.80000E+01, 1.90000E+01, 1.19000E+02, 1.90000E+01, 9.70000E+01, 2.50000E+01, 5.30000E+01, 1.20000E+01, 1.21000E+02, 2.00000E+01, 5.00000E+01, 3.30000E+01, 1.18000E+02, 1.80000E+01, 1.22000E+02, 3.50000E+01, 3.30000E+01, 1.60000E+01, 2.60000E+01, 5.00000E+00, 2.30000E+01, 1.00000E+00, 1.80000E+01, 1.60000E+01, 2.40000E+01, 1.00000E+01, 1.77000E+02, 1.00000E+01, 1.20000E+01, 1.30000E+01, 7.00000E+00, 4.00000E+00, 8.00000E+00, 1.00000E+00, 5.60000E+01, 1.30000E+01, 1.30000E+01, 1.00000E+01, 4.50000E+01, 9.00000E+00, 1.58000E+02, 3.00000E+01, 7.30000E+01, 6.60000E+01, 3.10000E+01, 1.30000E+01, 7.80000E+01, 3.00000E+00, 6.90000E+01, 3.40000E+01, 1.05000E+02, 2.40000E+01, 1.23000E+02, 2.40000E+01, 9.70000E+01, 2.40000E+01, 9.30000E+01, 4.20000E+01, 6.40000E+01, 2.80000E+01, 1.06000E+02, 3.30000E+01, 1.16000E+02, 1.50000E+01), .Dim=c(33, 2)), Q= structure(.Data= c(5.85829E+03, 6.92227E+03, 6.44961E+03, 7.80948E+03, 5.68619E+03, 7.14198E+03, 7.05350E+03, 8.18086E+03, 7.27622E+03, 9.88653E+03, 6.09725E+03, 7.68706E+03, 4.43132E+03, 5.44497E+03, 4.83354E+03, 5.48296E+03, 4.83453E+03, 5.18258E+03, 5.33822E+03, 6.11554E+03, 7.65069E+03, 1.03442E+04, 6.54582E+03, 9.48965E+03, 3.91842E+03, 4.36074E+03, 4.11933E+03, 4.63326E+03, 4.83993E+03, 5.27682E+03, 6.07481E+03, 8.03413E+03, 7.92128E+03, 9.98831E+03, 9.63821E+03, 1.35438E+04, 7.82115E+03, 1.01506E+04, 6.27615E+03, 7.72571E+03, 5.35449E+03, 5.40169E+03, 4.99821E+03, 5.23195E+03, 5.11295E+03, 5.46000E+03, 6.13000E+03, 6.14455E+03, 7.71436E+03, 9.16260E+03, 5.77282E+03, 6.83221E+03, 5.72487E+03, 7.06597E+03, 4.70705E+03, 5.03935E+03, 6.50833E+03, 7.24117E+03, 7.00500E+03, 8.45143E+03, 7.90731E+03, 8.91286E+03, 6.35885E+03, 7.58753E+03, 7.75462E+03, 8.47688E+03), .Dim=c(33, 2)))
