list(lambda_tot0=1.04200E+02, logit_flow_Eu=c(-4.26200E-01, -7.07900E-01), lflow_fall_Eu=c(-5.00000E-01, -5.00000E-01), logit_int_Eu=c(5.08200E-01, 8.30400E-01), mupi_B=c(8.27000E-02, 1.03200E-01), pi_Eu00=c(5.87100E-01, 5.99200E-01), pi_Eu01=c(2.00600E-01, 7.99400E-01), rate_lambda=4.23800E-02, s=c(1.56700E+01, 3.91400E+00), shape_lambda=5.99500E+00, sigmapi_B=c(6.44000E-01, 6.96900E-01), sigmapi_Eu=c(1.01900E+00, 8.86500E-01), lambda_tot=c(1.02000E+02, 1.15500E+02, 2.20800E+02, 1.76200E+02, 1.30000E+02, 1.79200E+02, 1.24500E+02, 1.94300E+02, 1.57000E+02, 1.79200E+02, 9.30000E+01, 1.44000E+02, 6.23300E+01, 3.40000E+01, 2.80500E+02, 1.75000E+02, 1.79200E+02, 1.79200E+02, 1.30300E+02, 2.30000E+01, 8.72300E+01, 3.18200E+02, 2.43200E+02, 2.64000E+02, 1.62000E+02, 1.09400E+02, 1.93500E+02, 1.47000E+02, 1.51200E+02, 2.97000E+02, 2.02400E+02, 1.58900E+02, 1.96500E+02, 6.83700E+02), logit_pi_Eu= structure(.Data= c(1.68200E+00, 3.92200E-02,     NA, -7.12400E-01,     NA, -1.57100E+00,     NA, -9.26000E-01, 1.48500E+00, -1.48500E+00,     NA, -1.24700E+00, 1.40600E+00, 1.20600E-01,     NA, -1.41400E+00,     NA, -2.17400E-01, -5.39700E-01, -1.52600E+00, 2.37700E-01, -2.11600E+00, -7.56300E-01, -4.26300E+00, 3.12700E-01, 5.34900E-02,     NA, 3.56700E-01,     NA, -2.56700E+00, -1.83900E+00, -1.74600E+00, -2.46800E+00, -3.06400E+00, -2.32300E+00, -4.48400E+00, 1.81000E+00, -1.38900E+00,     NA, 1.89700E+00,     NA, -1.34700E+00, 7.63400E+00, -1.45900E+00, 4.06300E-01, 1.71000E-01, -1.18100E+00, -2.21400E+00, 3.25800E+00, -3.25800E+00,     NA, 4.95300E-01,     NA, -1.10900E+00,     NA, -7.23900E-01,     NA, -7.66000E-01, 5.16200E-01, -9.30500E-01, 5.42600E-01, -9.61000E-01,     NA, -3.41400E-01,     NA, -1.71400E+00, 1.55000E+00, -1.88700E+00), .Dim=c(34, 2)), logit_pi_B= structure(.Data= c(-2.46400E+00, -4.61500E+00, -1.33800E+00, -4.74000E+00, -2.69300E+00, -4.69500E+00, -2.92200E+00, -3.76200E+00, -4.86000E+00, -4.86000E+00,     NA,     NA, -3.70100E+00,     NA, -2.91400E+00,     NA, -3.41400E+00, -4.35000E+00,     NA,     NA, -3.81800E+00, -4.52200E+00, -2.01100E+00, -4.96300E+00, -2.24000E+00, -2.43900E+00, -3.49700E+00,     NA, -3.10800E+00, -4.52700E+00, -4.46000E+00, -3.52600E+00,     NA,     NA,     NA,     NA, -1.43800E+00, -2.60100E+00,     NA, -3.09100E+00, -1.34700E+00, -3.33500E+00, -1.43900E+00, -4.13700E+00, -2.46800E+00, -3.25900E+00, -3.76100E+00,     NA, -2.83300E+00, -5.08100E+00, -2.00400E+00, -3.27200E+00, -2.63100E+00, -3.63000E+00, -2.17500E+00, -4.98400E+00, -2.76000E+00, -5.01200E+00, -3.58700E+00, -4.58500E+00, -3.48800E+00, -3.67600E+00, -2.50500E+00, -3.65600E+00, -2.82500E+00, -5.27600E+00, -3.45200E+00, -5.83100E+00), .Dim=c(34, 2)), n= structure(.Data= c(6.40000E+01, 3.90000E+01, 9.30000E+01, 2.30000E+01, 1.91000E+02, 3.10000E+01, 1.41000E+02, 3.60000E+01, 1.06000E+02, 2.40000E+01, 1.54000E+02, 2.60000E+01, 7.50000E+01, 5.00000E+01, 1.68000E+02, 2.70000E+01, 1.23000E+02, 3.50000E+01, 1.21000E+02, 5.90000E+01, 7.80000E+01, 1.50000E+01, 1.38000E+02, 6.00000E+00, 3.30000E+01, 3.00000E+01, 2.40000E+01, 1.00000E+01, 2.66000E+02, 1.50000E+01, 8.40000E+01, 9.10000E+01, 1.15000E+02, 6.60000E+01, 1.60000E+02, 2.00000E+01, 1.06000E+02, 2.50000E+01, 1.30000E+01, 1.00000E+01, 7.30000E+01, 1.50000E+01, 2.68000E+02, 5.10000E+01, 1.28000E+02, 1.16000E+02, 1.86000E+02, 7.80000E+01, 1.56000E+02, 6.00000E+00, 7.50000E+01, 3.60000E+01, 1.58000E+02, 3.60000E+01, 1.23000E+02, 2.40000E+01, 1.22000E+02, 3.00000E+01, 2.05000E+02, 9.30000E+01, 1.41000E+02, 6.20000E+01, 1.22000E+02, 3.80000E+01, 1.74000E+02, 2.30000E+01, 5.90000E+02, 9.50000E+01), .Dim=c(34, 2)))
