list(Nyears=3.40000E+01, Cm_R= structure(.Data= c(0.00000E+00, 1.00000E+01, 0.00000E+00, 2.00000E+00, 2.00000E+00, 1.30000E+01, 0.00000E+00, 6.00000E+00, 0.00000E+00, 5.00000E+00, 0.00000E+00, 0.00000E+00, 2.00000E+00, 0.00000E+00, 0.00000E+00, 0.00000E+00, 2.00000E+00, 9.00000E+00, 0.00000E+00, 1.00000E+00, 2.50000E+01, 1.10000E+01, 5.00000E+00, 3.00000E+00, 0.00000E+00, 1.00000E+00, 0.00000E+00, 1.00000E+00, 1.10000E+01, 1.00000E+01, 0.00000E+00, 1.00000E+00, 3.00000E+00, 1.00000E+00, 0.00000E+00, 0.00000E+00, 3.00000E+00, 1.00000E+00, 0.00000E+00, 0.00000E+00, 0.00000E+00, 1.00000E+00, 0.00000E+00, 0.00000E+00, 2.10000E+01, 1.50000E+01, 0.00000E+00, 0.00000E+00, 1.30000E+01, 6.00000E+00, 0.00000E+00, 0.00000E+00, 7.00000E+00, 4.00000E+00, 0.00000E+00, 0.00000E+00, 5.00000E+00, 1.00000E+00, 0.00000E+00, 0.00000E+00, 1.60000E+01, 6.00000E+00, 1.00000E+00, 0.00000E+00, 1.00000E+00, 3.00000E+00, 0.00000E+00, 0.00000E+00, 2.30000E+01, 5.00000E+00, 1.00000E+00, 1.00000E+00, 1.00000E+01, 3.00000E+00, 1.00000E+00, 1.00000E+00, 5.20000E+01, 2.60000E+01, 1.00000E+00, 9.00000E+00, 3.10000E+01, 3.00000E+01, 1.00000E+00, 7.00000E+00, 2.20000E+01, 1.10000E+01, 1.00000E+00, 2.00000E+00, 1.80000E+01, 1.70000E+01, 0.00000E+00, 7.00000E+00, 5.50000E+01, 2.00000E+01, 0.00000E+00, 3.00000E+00, 3.00000E+00, 6.00000E+00, 0.00000E+00, 3.00000E+00, 2.00000E+00, 1.00000E+00, 0.00000E+00, 2.00000E+00, 1.20000E+01, 8.00000E+00, 0.00000E+00, 0.00000E+00, 1.90000E+01, 3.00000E+00, 1.00000E+00, 6.00000E+00, 6.00000E+00, 1.00000E+00, 0.00000E+00, 1.00000E+00, 1.40000E+01, 1.00000E+00, 1.00000E+00, 0.00000E+00, 3.00000E+00, 3.00000E+00, 0.00000E+00, 1.00000E+00, 4.00000E+00, 1.00000E+00, 0.00000E+00, 5.00000E+00, 2.30000E+01, 1.80000E+01, 0.00000E+00, 2.00000E+00, 3.00000E+00, 1.00000E+00, 0.00000E+00, 0.00000E+00), .Dim=c(34, 4)), Cum_R= structure(.Data= c(0.00000E+00, 9.00000E+00, 0.00000E+00, 1.00000E+00, 1.00000E+00, 2.00000E+00, 0.00000E+00, 1.00000E+00, 0.00000E+00, 1.00000E+00, 0.00000E+00, 2.00000E+00, 1.20000E+01, 7.00000E+00, 1.00000E+00, 2.00000E+00, 0.00000E+00, 0.00000E+00, 0.00000E+00, 0.00000E+00, 0.00000E+00, 0.00000E+00, 0.00000E+00, 0.00000E+00, 1.00000E+00, 1.20000E+01, 1.00000E+00, 1.00000E+00, 0.00000E+00, 1.00000E+00, 0.00000E+00, 0.00000E+00, 1.00000E+00, 1.00000E+00, 0.00000E+00, 2.00000E+00, 2.00000E+00, 0.00000E+00, 0.00000E+00, 1.00000E+00, 2.00000E+00, 1.00000E+00, 1.00000E+00, 0.00000E+00, 8.00000E+00, 4.00000E+00, 0.00000E+00, 0.00000E+00, 2.90000E+01, 3.10000E+01, 0.00000E+00, 0.00000E+00, 2.00000E+00, 0.00000E+00, 0.00000E+00, 0.00000E+00, 1.50000E+01, 1.20000E+01, 0.00000E+00, 5.00000E+00, 6.00000E+00, 6.00000E+00, 0.00000E+00, 1.00000E+00, 1.40000E+01, 1.60000E+01, 1.00000E+00, 2.00000E+00, 2.00000E+00, 3.00000E+00, 0.00000E+00, 0.00000E+00, 1.40000E+01, 2.20000E+01, 1.00000E+00, 2.00000E+00, 8.00000E+00, 1.00000E+00, 0.00000E+00, 2.00000E+00, 2.00000E+01, 1.40000E+01, 2.00000E+00, 9.00000E+00, 1.50000E+01, 7.00000E+00, 0.00000E+00, 3.00000E+00, 1.10000E+01, 1.30000E+01, 0.00000E+00, 6.00000E+00, 3.00000E+00, 3.00000E+00, 0.00000E+00, 4.00000E+00, 7.00000E+00, 1.00000E+01, 0.00000E+00, 5.00000E+00, 1.70000E+01, 1.30000E+01, 1.00000E+00, 4.00000E+00, 1.04000E+02, 5.30000E+01, 2.00000E+00, 2.00000E+00, 1.40000E+01, 2.00000E+01, 1.00000E+00, 1.20000E+01, 3.20000E+01, 1.80000E+01, 1.00000E+00, 9.00000E+00, 4.90000E+01, 1.70000E+01, 1.00000E+00, 8.00000E+00, 4.50000E+01, 2.90000E+01, 2.00000E+00, 1.30000E+01, 2.00000E+01, 1.10000E+01, 2.00000E+00, 1.10000E+01, 5.50000E+01, 2.10000E+01, 0.00000E+00, 3.00000E+00, 4.40000E+01, 2.10000E+01, 0.00000E+00, 1.00000E+01), .Dim=c(34, 4)), Q=c(2.09300E+02, 1.64400E+02, 1.41762E+03, 1.03383E+03, 5.79370E+02, 2.36974E+02, 3.51897E+02, 6.15205E+02, 1.72976E+03, 1.38403E+03, 1.43613E+03, 3.11615E+02, 3.80718E+02, 3.14590E+02, 1.96835E+03, 1.46658E+03, 4.21397E+03, 7.07705E+02, 1.58821E+03, 3.80564E+02, 9.06179E+02, 8.41077E+02, 1.11855E+03, 1.15265E+03, 1.42599E+03, 1.19684E+03, 7.44431E+02, 1.02953E+03, 1.68858E+03, 1.07772E+03, 9.95728E+02, 8.56676E+02, 6.37538E+02, 1.78978E+03), C_MC= structure(.Data= c(1.02000E+02, 4.00000E+01, 5.00000E+00, 2.10000E+01, 1.32000E+02, 6.60000E+01, 1.70000E+01, 4.60000E+01, 5.90000E+01, 1.20000E+01, 3.00000E+01, 2.50000E+01, 1.40000E+01, 2.00000E+00, 0.00000E+00, 0.00000E+00, 1.20000E+02, 3.10000E+01, 1.20000E+01, 6.30000E+01, 1.32000E+02, 6.40000E+01, 1.80000E+01, 2.10000E+01, 6.00000E+00, 3.00000E+00, 2.00000E+00, 4.00000E+00, 3.00000E+01, 1.30000E+01, 1.00000E+00, 1.00000E+00, 1.70000E+01, 1.10000E+01, 1.00000E+00, 2.00000E+00, 7.10000E+01, 2.20000E+01, 4.00000E+00, 3.00000E+00, 1.20000E+01, 1.80000E+01, 0.00000E+00, 3.00000E+00, 6.30000E+01, 4.50000E+01, 0.00000E+00, 3.00000E+00, 4.00000E+01, 2.70000E+01, 0.00000E+00, 3.00000E+00, 3.40000E+01, 2.10000E+01, 0.00000E+00, 1.00000E+00, 2.30000E+01, 1.00000E+01, 0.00000E+00, 1.00000E+00, 9.30000E+01, 4.30000E+01, 5.00000E+00, 1.30000E+01, 2.40000E+01, 2.70000E+01, 1.00000E+00, 2.00000E+00, 1.00000E+02, 5.00000E+01, 4.00000E+00, 5.00000E+00, 5.30000E+01, 4.00000E+01, 7.00000E+00, 9.00000E+00, 1.03000E+02, 6.00000E+01, 1.00000E+00, 2.40000E+01, 1.12000E+02, 1.00000E+02, 6.00000E+00, 2.80000E+01, 5.80000E+01, 2.30000E+01, 2.00000E+00, 5.00000E+00, 6.10000E+01, 4.10000E+01, 0.00000E+00, 1.90000E+01, 1.12000E+02, 5.60000E+01, 1.00000E+00, 9.00000E+00, 1.20000E+01, 1.60000E+01, 1.00000E+00, 3.00000E+00, 1.00000E+01, 3.00000E+00, 0.00000E+00, 7.00000E+00, 4.10000E+01, 2.60000E+01, 0.00000E+00, 3.00000E+00, 4.70000E+01, 3.50000E+01, 2.00000E+00, 2.00000E+01, 1.80000E+01, 4.00000E+00, 3.00000E+00, 6.00000E+00, 4.10000E+01, 1.40000E+01, 4.00000E+00, 1.30000E+01, 1.10000E+01, 4.00000E+00, 0.00000E+00, 4.00000E+00, 9.00000E+00, 7.00000E+00, 1.00000E+00, 9.00000E+00, 6.00000E+01, 3.40000E+01, 1.00000E+00, 1.40000E+01, 1.10000E+01, 1.00000E+00, 0.00000E+00, 2.00000E+00), .Dim=c(34, 4)), Cm_MC= structure(.Data= c(1.00000E+02, 3.60000E+01, 5.00000E+00, 1.70000E+01, 1.23000E+02, 5.10000E+01, 1.50000E+01, 3.80000E+01, 4.40000E+01, 8.00000E+00, 8.00000E+00, 1.50000E+01, 1.10000E+01, 1.00000E+00, 0.00000E+00, 0.00000E+00, 1.08000E+02, 1.30000E+01, 1.10000E+01, 5.30000E+01, 1.23000E+02, 5.20000E+01, 1.30000E+01, 1.10000E+01, 3.00000E+00, 3.00000E+00, 0.00000E+00, 1.00000E+00, 3.00000E+01, 1.30000E+01, 1.00000E+00, 1.00000E+00, 1.30000E+01, 8.00000E+00, 0.00000E+00, 0.00000E+00, 6.50000E+01, 1.20000E+01, 4.00000E+00, 0.00000E+00, 8.00000E+00, 1.00000E+01, 0.00000E+00, 1.00000E+00, 6.00000E+01, 4.10000E+01, 0.00000E+00, 2.00000E+00, 3.90000E+01, 2.60000E+01, 0.00000E+00, 3.00000E+00, 2.30000E+01, 9.00000E+00, 0.00000E+00, 1.00000E+00, 2.20000E+01, 8.00000E+00, 0.00000E+00, 0.00000E+00, 9.10000E+01, 4.20000E+01, 5.00000E+00, 1.10000E+01, 2.40000E+01, 2.60000E+01, 1.00000E+00, 2.00000E+00, 9.90000E+01, 5.00000E+01, 4.00000E+00, 5.00000E+00, 5.30000E+01, 3.90000E+01, 7.00000E+00, 8.00000E+00, 1.03000E+02, 5.80000E+01, 1.00000E+00, 2.40000E+01, 1.11000E+02, 1.00000E+02, 6.00000E+00, 2.80000E+01, 5.80000E+01, 2.20000E+01, 2.00000E+00, 5.00000E+00, 6.10000E+01, 4.10000E+01, 0.00000E+00, 1.90000E+01, 1.12000E+02, 5.60000E+01, 1.00000E+00, 9.00000E+00, 1.20000E+01, 1.50000E+01, 1.00000E+00, 3.00000E+00, 1.00000E+01, 3.00000E+00, 0.00000E+00, 7.00000E+00, 3.70000E+01, 2.40000E+01, 0.00000E+00, 2.00000E+00, 4.60000E+01, 3.50000E+01, 2.00000E+00, 2.00000E+01, 1.80000E+01, 4.00000E+00, 3.00000E+00, 6.00000E+00, 3.80000E+01, 1.30000E+01, 4.00000E+00, 1.30000E+01, 1.10000E+01, 4.00000E+00, 0.00000E+00, 4.00000E+00, 9.00000E+00, 7.00000E+00, 1.00000E+00, 9.00000E+00, 6.00000E+01, 3.40000E+01, 1.00000E+00, 1.40000E+01, 1.10000E+01, 1.00000E+00, 0.00000E+00, 2.00000E+00), .Dim=c(34, 4)))
