list(sigmap_eff=c(1.00000E-01, 2.00000E-01), shape_lambda=5.00000E+00, rate_lambda=1.00000E-02, lambda0=5.00000E+02, mup_recap=c(3.00000E-01, 5.00000E-01, 3.00000E-01, 5.00000E-01), sigmap_recap=c(1.00000E-01, 1.00000E-01, 2.00000E-01, 3.00000E-01), lambda=c(5.00000E+02, 5.00000E+02, 5.00000E+02, 5.00000E+02, 5.00000E+02, 5.00000E+02, 5.00000E+02, 5.00000E+02, 5.00000E+02, 5.00000E+02, 5.00000E+02, 5.00000E+02, 5.00000E+02, 5.00000E+02, 5.00000E+02, 5.00000E+02, 5.00000E+02, 5.00000E+02, 5.00000E+02, 5.00000E+02, 5.00000E+02, 5.00000E+02, 5.00000E+02, 5.00000E+02, 5.00000E+02, 5.00000E+02, 5.00000E+02, 5.00000E+02, 5.00000E+02, 5.00000E+02, 5.00000E+02, 5.00000E+02, 5.00000E+02, 5.00000E+02), logit_pi_eff= structure(.Data= c(0.00000E+00, 0.00000E+00, 1.16300E+00, 8.47300E-01, 6.93100E-01, -1.38600E+00, -1.94600E+00, -1.60900E+00, 1.79200E+00, 0.00000E+00, 2.91800E+00, 1.50400E+00, -2.01500E+00, -6.93100E-01, 1.99200E+00, 0.00000E+00, 2.23100E-01, -1.38600E+00, 2.23100E-01, -1.09900E+00, -9.16300E-01, -1.09900E+00, 9.71900E-01, -6.93100E-01, -1.13100E+00, -6.93100E-01, 1.09900E+00, -6.93100E-01, -1.42100E+00, -1.94600E+00, 4.96400E-01, -4.05500E-01, -1.85600E+00, -1.60900E+00, 1.42100E+00, 4.05500E-01, -9.98500E-01, -5.10800E-01, 1.97200E+00, 1.01200E+00, 5.43600E-01, -3.67700E-01, 3.48300E-01, -2.23100E-01, 3.25400E-01, 0.00000E+00, 2.25100E+00, -4.05500E-01, -6.41900E-01, -5.59600E-01, -2.07900E+00, -8.47300E-01, -2.02400E+00, -1.79200E+00, -4.48000E-01, -6.28600E-01, -1.87200E+00, -1.79200E+00, -1.44700E+00, -1.70500E+00, -2.38500E+00, -2.14000E+00, -1.70500E+00, -9.16300E-01, -6.19000E-01, -5.10800E-01, -2.59500E+00, -2.48500E+00), .Dim=c(34, 2)), logit_p_recap= structure(.Data= c(-4.63500E+00, -1.03600E+00, -1.79200E+00, -1.89700E+00, -3.77700E+00, -1.35000E+00, -2.89000E+00, -1.76800E+00, -4.09400E+00, -2.87700E-01, -3.43400E+00, -3.25800E+00, -1.46600E+00, -1.09900E+00, 0.00000E+00, 0.00000E+00, -3.68100E+00, -8.32900E-01, -2.56500E+00, -3.45000E+00, -1.42400E+00, -1.50400E+00, -8.47300E-01, -1.55800E+00, -1.94600E+00, -4.05500E-01, -1.09900E+00, -6.93100E-01, -5.10800E-01, 1.01200E+00, -6.93100E-01, 6.93100E-01, -1.32200E+00, -1.70500E+00, -6.93100E-01, -1.09900E+00, -2.84800E+00, -2.39800E+00, -1.60900E+00, -1.38600E+00, -2.56500E+00, -2.19700E+00, 0.00000E+00, -1.38600E+00, -6.70200E-01, -6.61400E-01, 0.00000E+00, -1.38600E+00, -6.93100E-01, -1.14500E+00, 0.00000E+00, -1.38600E+00, -1.25300E+00, -1.28100E+00, 0.00000E+00, -6.93100E-01, -1.15300E+00, -1.60900E+00, 0.00000E+00, -6.93100E-01, -1.52300E+00, -1.69200E+00, -9.16300E-01, -2.63900E+00, -2.48500E+00, -1.83300E+00, -6.93100E-01, -1.09900E+00, -1.17900E+00, -2.03700E+00, -6.93100E-01, -9.16300E-01, -1.38600E+00, -2.25100E+00, -1.25300E+00, -1.50400E+00, 1.90500E-02, -2.59500E-01, 6.93100E-01, -4.70000E-01, -9.41000E-01, -8.28700E-01, -1.09900E+00, -1.01200E+00, -4.75400E-01, -8.00400E-02, 0.00000E+00, -2.87700E-01, -8.39800E-01, -3.28500E-01, 0.00000E+00, -4.85500E-01, -3.50900E-02, -5.66400E-01, -6.93100E-01, -5.59600E-01, -9.16300E-01, -4.52000E-01, -6.93100E-01, 1.38600E+00, -1.09900E+00, -4.05500E-01, 0.00000E+00, -6.93100E-01, -8.36200E-01, -7.47200E-01, 0.00000E+00, -1.38600E+00, -3.71600E-01, -2.11000E+00, 0.00000E+00, -7.62100E-01, -6.19000E-01, -6.93100E-01, -1.38600E+00, -1.09900E+00, -6.24200E-01, -1.94600E+00, -6.93100E-01, -2.63900E+00, -8.10900E-01, 6.93100E-01, 0.00000E+00, -6.93100E-01, -1.82300E-01, -1.25300E+00, -6.93100E-01, 1.82300E-01, -4.59500E-01, 1.11200E-01, -6.93100E-01, -1.46600E+00, -8.10900E-01, 6.93100E-01, 0.00000E+00, -1.09900E+00), .Dim=c(34, 4)), n= structure(.Data= c(2.54000E+02, 1.30000E+02, 6.00000E+01, 9.20000E+01, 2.23000E+02, 1.36000E+02, 7.40000E+01, 1.15000E+02, 1.38000E+02, 6.80000E+01, 2.00000E+02, 1.75000E+02, 1.62000E+02, 6.60000E+01, 5.00000E+01, 5.00000E+01, 1.90000E+02, 8.60000E+01, 7.40000E+01, 1.76000E+02, 1.89000E+02, 1.17000E+02, 7.20000E+01, 7.50000E+01, 1.01000E+02, 7.50000E+01, 5.60000E+01, 6.20000E+01, 8.40000E+01, 6.40000E+01, 5.20000E+01, 5.20000E+01, 8.00000E+01, 6.90000E+01, 5.50000E+01, 6.00000E+01, 1.77000E+02, 8.90000E+01, 6.60000E+01, 6.20000E+01, 9.20000E+01, 1.13000E+02, 5.00000E+01, 6.20000E+01, 1.36000E+02, 1.12000E+02, 5.00000E+01, 5.90000E+01, 2.13000E+02, 1.60000E+02, 5.00000E+01, 5.90000E+01, 9.50000E+01, 7.80000E+01, 5.00000E+01, 5.30000E+01, 1.68000E+02, 1.01000E+02, 5.00000E+01, 5.80000E+01, 1.99000E+02, 1.19000E+02, 6.20000E+01, 8.20000E+01, 2.27000E+02, 2.49000E+02, 5.60000E+01, 6.20000E+01, 1.74000E+02, 1.12000E+02, 5.60000E+01, 5.80000E+01, 2.46000E+02, 1.98000E+02, 6.80000E+01, 7.40000E+01, 1.67000E+02, 1.18000E+02, 5.10000E+01, 8.20000E+01, 2.27000E+02, 2.08000E+02, 6.40000E+01, 1.18000E+02, 1.48000E+02, 8.90000E+01, 5.40000E+01, 6.10000E+01, 1.55000E+02, 1.20000E+02, 5.00000E+01, 8.80000E+01, 1.73000E+02, 1.11000E+02, 5.20000E+01, 7.20000E+01, 8.40000E+01, 9.60000E+01, 5.20000E+01, 5.80000E+01, 1.39000E+02, 7.60000E+01, 5.00000E+01, 7.30000E+01, 4.01000E+02, 2.72000E+02, 5.00000E+01, 7.10000E+01, 1.70000E+02, 1.39000E+02, 5.50000E+01, 1.07000E+02, 1.85000E+02, 8.00000E+01, 7.10000E+01, 9.20000E+01, 2.65000E+02, 1.23000E+02, 7.60000E+01, 1.34000E+02, 1.80000E+02, 9.70000E+01, 5.00000E+01, 8.80000E+01, 1.08000E+02, 9.50000E+01, 5.30000E+01, 8.10000E+01, 2.21000E+02, 1.47000E+02, 5.20000E+01, 8.70000E+01, 2.08000E+02, 6.40000E+01, 5.00000E+01, 7.60000E+01), .Dim=c(34, 4)))
