list(sigmap_eff=c(1.00000E-01, 2.00000E-01), shape_lambda=5.00000E+00, rate_lambda=1.00000E-02, lambda0=5.00000E+02, mup_recap=c(3.00000E-01, 5.00000E-01, 3.00000E-01, 5.00000E-01), sigmap_recap=c(1.00000E-01, 1.00000E-01, 2.00000E-01, 3.00000E-01), lambda=c(5.00000E+02, 5.00000E+02, 5.00000E+02, 5.00000E+02, 5.00000E+02, 5.00000E+02, 5.00000E+02, 5.00000E+02, 5.00000E+02, 5.00000E+02, 5.00000E+02, 5.00000E+02, 5.00000E+02, 5.00000E+02, 5.00000E+02, 5.00000E+02, 5.00000E+02, 5.00000E+02, 5.00000E+02, 5.00000E+02, 5.00000E+02, 5.00000E+02, 5.00000E+02, 5.00000E+02, 5.00000E+02, 5.00000E+02, 5.00000E+02, 5.00000E+02, 5.00000E+02, 5.00000E+02, 5.00000E+02, 5.00000E+02, 5.00000E+02), logit_pi_eff= structure(.Data= c(0.00000E+00, 0.00000E+00, 1.16300E+00, 8.47300E-01, 6.93100E-01, -1.38600E+00, -1.94600E+00, -1.60900E+00, 1.79200E+00, 0.00000E+00, 2.91800E+00, 1.50400E+00, -2.01500E+00, -6.93100E-01, 1.99200E+00, 0.00000E+00, 2.23100E-01, -1.38600E+00, 2.23100E-01, -1.09900E+00, -9.16300E-01, -1.09900E+00, 9.71900E-01, -6.93100E-01, -1.13100E+00, -6.93100E-01, 1.09900E+00, -6.93100E-01, -1.42100E+00, -1.94600E+00, 4.96400E-01, -4.05500E-01, -1.85600E+00, -1.60900E+00, 1.42100E+00, 4.05500E-01, -9.98500E-01, -5.10800E-01, 1.97200E+00, 1.01200E+00, 5.43600E-01, -3.67700E-01, 3.48300E-01, -2.23100E-01, 3.25400E-01, 0.00000E+00, 2.25100E+00, -4.05500E-01, -6.41900E-01, -5.59600E-01, -2.07900E+00, -8.47300E-01, -2.02400E+00, -1.79200E+00, -4.48000E-01, -6.28600E-01, -1.87200E+00, -1.79200E+00, -1.44700E+00, -1.70500E+00, -2.38500E+00, -2.14000E+00, -1.70500E+00, -9.16300E-01, -6.19000E-01, -5.10800E-01), .Dim=c(33, 2)), logit_p_recap= structure(.Data= c(-4.63500E+00, -1.03600E+00, -1.79200E+00, -1.89700E+00, -3.78400E+00, -1.35000E+00, -2.89000E+00, -1.76800E+00, -4.09400E+00, -2.87700E-01, -3.43400E+00, -3.25800E+00, -1.46600E+00, -1.09900E+00, 0.00000E+00, 0.00000E+00, -3.68100E+00, -8.32900E-01, -2.56500E+00, -3.45000E+00, -1.42400E+00, -1.50400E+00, -8.47300E-01, -1.55800E+00, -1.94600E+00, -4.05500E-01, -1.09900E+00, -6.93100E-01, -5.10800E-01, 1.01200E+00, -6.93100E-01, 6.93100E-01, -1.32200E+00, -1.70500E+00, -6.93100E-01, -1.09900E+00, -2.84800E+00, -2.39800E+00, -1.60900E+00, -1.38600E+00, -2.56500E+00, -2.19700E+00, 0.00000E+00, -1.38600E+00, -6.70200E-01, -6.61400E-01, 0.00000E+00, -1.38600E+00, -6.93100E-01, -1.14500E+00, 0.00000E+00, -1.38600E+00, -1.25300E+00, -1.28100E+00, 0.00000E+00, -6.93100E-01, -1.15300E+00, -1.60900E+00, 0.00000E+00, -6.93100E-01, -1.52300E+00, -1.69200E+00, -9.16300E-01, -2.63900E+00, -2.48500E+00, -1.83300E+00, -6.93100E-01, -1.09900E+00, -1.17900E+00, -2.03700E+00, -6.93100E-01, -9.16300E-01, -1.38600E+00, -2.25100E+00, -1.25300E+00, -1.50400E+00, 1.90500E-02, -2.59500E-01, 6.93100E-01, -4.70000E-01, -9.41000E-01, -8.28700E-01, -1.09900E+00, -1.01200E+00, -4.75400E-01, -8.00400E-02, 0.00000E+00, -2.87700E-01, -8.39800E-01, -3.28500E-01, 0.00000E+00, -4.85500E-01, -3.50900E-02, -5.66400E-01, -6.93100E-01, -5.59600E-01, -9.16300E-01, -4.52000E-01, -6.93100E-01, 1.38600E+00, -1.09900E+00, -4.05500E-01, 0.00000E+00, -6.93100E-01, -8.36200E-01, -7.47200E-01, 0.00000E+00, -1.38600E+00, -3.71600E-01, -2.11000E+00, 0.00000E+00, -7.62100E-01, -6.19000E-01, -6.93100E-01, -1.38600E+00, -1.09900E+00, -6.24200E-01, -1.94600E+00, -6.93100E-01, -2.63900E+00, -8.10900E-01, 6.93100E-01, 0.00000E+00, -6.93100E-01, -1.82300E-01, -1.25300E+00, -6.93100E-01, 1.82300E-01, -4.59500E-01, 1.11200E-01, -6.93100E-01, -1.46600E+00), .Dim=c(33, 4)), n= structure(.Data= c(2.09000E+02, 8.50000E+01, 1.50000E+01, 4.70000E+01, 1.79000E+02, 9.10000E+01, 2.90000E+01, 7.00000E+01, 9.30000E+01, 2.30000E+01, 1.55000E+02, 1.30000E+02, 1.17000E+02, 2.10000E+01, 5.00000E+00, 5.00000E+00, 1.45000E+02, 4.10000E+01, 2.90000E+01, 1.31000E+02, 1.44000E+02, 7.20000E+01, 2.70000E+01, 3.00000E+01, 5.60000E+01, 3.00000E+01, 1.10000E+01, 1.70000E+01, 3.90000E+01, 1.90000E+01, 7.00000E+00, 7.00000E+00, 3.50000E+01, 2.40000E+01, 1.00000E+01, 1.50000E+01, 1.32000E+02, 4.40000E+01, 2.10000E+01, 1.70000E+01, 4.70000E+01, 6.80000E+01, 5.00000E+00, 1.70000E+01, 9.10000E+01, 6.70000E+01, 5.00000E+00, 1.40000E+01, 1.68000E+02, 1.15000E+02, 5.00000E+00, 1.40000E+01, 5.00000E+01, 3.30000E+01, 5.00000E+00, 8.00000E+00, 1.23000E+02, 5.60000E+01, 5.00000E+00, 1.30000E+01, 1.54000E+02, 7.40000E+01, 1.70000E+01, 3.70000E+01, 1.82000E+02, 2.04000E+02, 1.10000E+01, 1.70000E+01, 1.29000E+02, 6.70000E+01, 1.10000E+01, 1.30000E+01, 2.01000E+02, 1.53000E+02, 2.30000E+01, 2.90000E+01, 1.22000E+02, 7.30000E+01, 6.00000E+00, 3.70000E+01, 1.82000E+02, 1.63000E+02, 1.90000E+01, 7.30000E+01, 1.03000E+02, 4.40000E+01, 9.00000E+00, 1.60000E+01, 1.10000E+02, 7.50000E+01, 5.00000E+00, 4.30000E+01, 1.28000E+02, 6.60000E+01, 7.00000E+00, 2.70000E+01, 3.90000E+01, 5.10000E+01, 7.00000E+00, 1.30000E+01, 9.40000E+01, 3.10000E+01, 5.00000E+00, 2.80000E+01, 3.56000E+02, 2.27000E+02, 5.00000E+00, 2.60000E+01, 1.25000E+02, 9.40000E+01, 1.00000E+01, 6.20000E+01, 1.40000E+02, 3.50000E+01, 2.60000E+01, 4.70000E+01, 2.20000E+02, 7.80000E+01, 3.10000E+01, 8.90000E+01, 1.35000E+02, 5.20000E+01, 5.00000E+00, 4.30000E+01, 6.30000E+01, 5.00000E+01, 8.00000E+00, 3.60000E+01, 1.76000E+02, 1.02000E+02, 7.00000E+00, 4.20000E+01), .Dim=c(33, 4)))
