list(mu_B=4.046E-01, sigmap_B=1.949E+00, logit_int_Eu=1.742E+00, logit_flow_Eu=1.796E-01, sigmap_Eu=1.964E+00, shape_lambda=2.436E+00, rate_lambda=1.000E-03, p_B95=1.420E-01, p_B96=1.065E-01, p_B99=1.199E-01, p_B02=1.686E-01, p_B20=1.615E-01, Ntot=c(  NA,   NA,   NA,   NA, 1.931E+03,   NA,   NA,   NA,   NA,   NA,   NA, 1.650E+03, 2.366E+03,   NA, 3.100E+03, 6.267E+03, 1.599E+03, 6.660E+02, 1.632E+03,   NA,   NA, 2.917E+03, 7.567E+03, 5.215E+03, 2.720E+03, 5.544E+03, 6.587E+03, 1.055E+03, 3.091E+03, 6.406E+03, 6.373E+03, 1.973E+03, 3.020E+03, 7.850E+03, 7.842E+03, 1.395E+03, 5.786E+03, 7.273E+03,   NA, 2.955E+03, 3.490E+03, 4.033E+03), lambda=c(  NA,   NA,   NA,   NA, 1.921E+03,   NA,   NA,   NA,   NA,   NA,   NA, 1.640E+03, 2.356E+03,   NA, 1.577E+03, 1.002E+03, 1.589E+03, 6.560E+02, 1.622E+03,   NA,   NA, 1.184E+03, 4.595E+03, 9.470E+02, 8.580E+02, 3.639E+03, 1.611E+03, 1.045E+03, 1.332E+03, 4.580E+02, 4.603E+03, 3.030E+02, 3.010E+03, 2.121E+03, 8.990E+02, 6.860E+02, 9.050E+02, 2.564E+03,   NA, 2.902E+03, 6.330E+02, 6.130E+02), logit_pi_B=c(-3.673E-01, -6.701E-01, -2.633E-01, -2.856E-01, -8.872E-03, -9.748E-02, -2.199E-01, -4.556E-01, -4.256E-01, -6.395E-01, -2.211E-01, -5.767E-01, -3.923E-01, -7.575E-01, -6.052E-01, -5.728E-01, -5.515E-01, -4.131E-01, -2.378E-01, -3.107E-01, -5.550E-01, -2.393E-01, -4.523E-01, -3.425E-01, -1.058E-01, -5.385E-01, -3.289E-01, 1.603E-01, 9.406E-03, -4.228E-01, -3.391E-01, -5.219E-02, -5.586E-01, -5.858E-01, -6.828E-01, -5.785E-01, -3.734E-01), logit_pi_Eu=c(2.119E+00, 1.682E+00, 1.388E+00, 1.761E+00, 1.619E+00, 1.842E+00, 1.662E+00, 2.190E+00, 1.901E+00, 1.119E+00, 1.490E+00, 1.216E+00, 1.482E+00, 1.942E+00, 1.535E+00, 2.128E+00, 1.526E+00, 1.778E+00, 2.482E+00, 1.890E+00, 1.544E+00, 1.444E+00, 1.432E+00, 1.712E+00, 1.437E+00, 1.938E+00, 2.148E+00, 1.758E+00, 1.637E+00))
