list(mu_B=3.165E-01, sigmap_B=6.180E-01, logit_int_Eu=8.325E-01, logit_flow_Eu=6.841E-01, sigmap_Eu=9.717E-01, shape_lambda=2.436E+00, rate_lambda=1.000E-03, p_B95=1.319E-01, p_B96=1.978E-01, p_B99=1.820E-01, p_B02=1.649E-01, p_B20=1.023E-01, Ntot=c(  NA,   NA,   NA,   NA, 1.931E+03,   NA,   NA,   NA,   NA,   NA,   NA, 1.650E+03, 2.366E+03,   NA, 3.100E+03, 6.267E+03, 1.599E+03, 6.660E+02, 1.632E+03,   NA,   NA, 2.917E+03, 7.567E+03, 5.215E+03, 2.720E+03, 5.544E+03, 6.587E+03, 1.055E+03, 3.091E+03, 6.406E+03, 6.373E+03, 1.973E+03, 3.020E+03, 7.850E+03, 7.842E+03, 1.395E+03, 5.786E+03, 7.273E+03,   NA, 2.955E+03, 3.520E+03), lambda=c(  NA,   NA,   NA,   NA, 1.921E+03,   NA,   NA,   NA,   NA,   NA,   NA, 8.730E+02, 9.630E+02,   NA, 2.901E+03, 5.516E+03, 1.589E+03, 6.560E+02, 8.330E+02,   NA,   NA, 2.362E+03, 3.227E+03, 2.164E+03, 5.570E+02, 1.059E+03, 1.935E+03, 1.045E+03, 2.809E+03, 1.290E+02, 1.950E+03, 1.963E+03, 2.346E+03, 3.614E+03, 3.455E+03, 1.385E+03, 2.574E+03, 3.954E+03,   NA, 1.976E+03, 3.510E+03), logit_pi_B=c(1.863E+00, 3.686E+00, 9.608E-02, 2.267E+00, 6.050E-01, -1.047E+00, 8.268E-01, -1.131E+00, 1.660E+00, -1.424E+00, 4.165E-01, -1.526E+00, 3.134E+00, -2.057E+00, -7.000E-01, -1.416E+00, -3.301E+00, 4.940E-01, 6.563E-01, -4.682E-01, -1.184E+00, -2.654E+00, -3.106E+00, -4.075E+00, 1.284E+00, 2.670E+00, 1.345E-01, -4.588E+00, 1.996E+00, 4.205E+00, 1.363E+00, -2.586E+00, 1.139E+00, -7.409E-01, -3.012E+00, -3.913E+00), logit_pi_Eu=c(8.242E-01, -7.890E-01, 5.045E-03, -9.404E-01, -2.165E+00, -9.861E-01, 1.645E+00, 3.209E+00, 4.245E-01, 2.566E-01, -1.150E+00, 1.725E-01, 8.670E-01, 1.274E+00, -1.165E+00, 1.185E+00, -2.644E-02, 1.811E+00, 3.111E+00, 8.456E-01, 6.093E-01, 2.653E+00, -1.248E+00, 1.835E+00, 2.748E-01, 1.719E+00, 2.394E+00, -9.378E-01))
