list(mu_B=3.653E-01, sigmap_B=1.008E+00, logit_int_Eu=1.660E+00, logit_flow_Eu=4.463E-01, sigmap_Eu=5.242E-01, shape_lambda=2.436E+00, rate_lambda=1.000E-03, p_B95=1.429E-01, p_B96=1.381E-01, p_B99=1.525E-01, p_B02=1.634E-01, p_B20=1.285E-01, Ntot=c(  NA,   NA,   NA,   NA, 1.931E+03,   NA,   NA,   NA,   NA,   NA,   NA, 1.650E+03, 2.366E+03,   NA, 3.100E+03, 6.267E+03, 1.599E+03, 6.660E+02, 1.632E+03,   NA,   NA, 2.917E+03, 7.567E+03, 5.215E+03, 2.720E+03, 5.544E+03, 6.587E+03, 1.055E+03, 3.091E+03, 6.406E+03, 6.373E+03, 1.973E+03, 3.020E+03, 7.850E+03, 7.842E+03, 1.395E+03, 5.786E+03, 7.273E+03,   NA, 2.955E+03, 3.520E+03), lambda=c(  NA,   NA,   NA,   NA, 1.908E+03,   NA,   NA,   NA,   NA,   NA,   NA, 1.582E+03, 9.000E+02,   NA, 3.090E+03, 8.790E+02, 1.589E+03, 6.560E+02, 1.622E+03,   NA,   NA, 2.907E+03, 2.478E+03, 1.426E+03, 1.747E+03, 1.946E+03, 2.697E+03, 1.045E+03, 1.073E+03, 2.213E+03, 4.472E+03, 1.963E+03, 3.010E+03, 2.302E+03, 9.000E+01, 1.385E+03, 2.866E+03, 9.740E+02,   NA, 2.945E+03, 1.488E+03), logit_pi_B=c(-7.707E-01, -1.017E+00, 1.361E+00, 6.150E-01, -1.071E+00, -1.725E-01, -2.041E+00, 2.108E-01, 1.238E+00, -1.405E+00, 5.515E-01, -1.529E+00, -1.563E+00, -1.703E+00, -1.347E+00, 6.262E-01, 4.142E-01, 1.851E+00, -2.134E-01, -1.525E+00, -8.439E-01, -5.097E-01, 1.605E-01, -1.030E+00, -8.453E-01, 4.666E-01, -1.769E+00, 5.230E-01, -4.412E-01, -1.170E+00, 6.773E-01, -3.969E-01, -2.102E+00, -9.886E-01, -1.774E+00, 3.149E+00), logit_pi_Eu=c(6.829E-01, 2.908E+00, -4.817E-02, -4.141E-01, -5.416E+00, -1.772E+00, 5.252E-01, -5.708E-01, 3.903E+00, 4.118E+00, -3.704E+00, -1.945E+00, -4.664E+00, 1.395E+00, 6.868E+00, 2.523E+00, 1.072E+00, -9.554E-01, 6.102E+00, -5.500E+00, -3.536E+00, 5.939E-01, 6.567E+00, 1.698E+00, -1.837E+00, 1.596E+00, -3.199E+00, -8.537E-01))
