list(mu_B=3.681E-01, sigmap_B=3.967E-01, logit_int_Eu=6.108E-01, logit_flow_Eu=1.343E+00, sigmap_Eu=1.206E+00, shape_lambda=2.436E+00, rate_lambda=1.000E-03, p_B95=1.164E-01, p_B96=1.336E-01, p_B99=1.323E-01, p_B02=1.198E-01, p_B20=1.315E-01, Ntot=c(  NA,   NA,   NA,   NA, 1.931E+03,   NA,   NA,   NA,   NA,   NA,   NA, 1.650E+03, 2.366E+03,   NA, 3.100E+03, 6.267E+03, 1.599E+03, 6.660E+02, 1.632E+03,   NA,   NA, 2.917E+03, 7.567E+03, 5.215E+03, 2.720E+03, 5.544E+03, 6.587E+03, 1.055E+03, 3.091E+03, 6.406E+03, 6.373E+03, 1.973E+03, 3.020E+03, 7.850E+03, 7.842E+03, 1.395E+03, 5.786E+03, 7.273E+03,   NA, 2.955E+03), lambda=c(  NA,   NA,   NA,   NA, 1.177E+03,   NA,   NA,   NA,   NA,   NA,   NA, 1.640E+03, 2.356E+03,   NA, 1.913E+03, 1.664E+03, 1.589E+03, 6.560E+02, 1.024E+03,   NA,   NA, 2.214E+03, 2.529E+03, 2.855E+03, 1.077E+03, 2.297E+03, 1.853E+03, 1.045E+03, 3.081E+03, 9.880E+02, 8.710E+02, 1.568E+03, 3.010E+03, 2.129E+03, 3.800E+02, 1.357E+03, 5.776E+03, 2.849E+03,   NA, 1.586E+03), logit_pi_B=c(-2.521E+00, -9.701E+00, -1.394E-01, -4.584E+00, -6.297E-01, -6.954E+00, -4.636E+00, -3.280E+00, 8.227E+00, -3.006E+00, 7.860E+00, -4.495E+00, 8.585E+00, -1.340E+01, -3.288E+00, -5.516E+00, 1.079E-01, -8.882E-01, -6.160E+00, 1.012E+01, 7.876E+00, -1.076E+01, 9.479E+00, 8.128E+00, -1.100E+01, -1.471E-01, 3.195E+00, -1.757E+00, -1.419E+00, -2.133E+00, -1.734E+00, -8.513E-01, 8.417E+00, 1.173E+01, -4.957E+00), logit_pi_Eu=c(1.289E+00, 6.739E-01, 3.511E+00, -1.287E+00, -2.145E+00, -2.203E+00, 1.125E+00, 2.274E+00, 1.306E+00, -6.264E-01, -7.773E-01, -1.779E+00, -8.744E-02, 2.682E+00, 1.049E+00, 2.170E+00, -1.761E+00, 8.643E-01, 1.820E+00, 1.918E+00, 2.366E+00, 1.016E+00, 1.126E+00, 2.895E+00, 9.361E-01, 2.544E+00, 5.284E-01))
