list(mu_B=1.698E-01, sigmap_B=1.703E+00, logit_int_Eu=1.328E+00, logit_flow_Eu=9.792E-01, sigmap_Eu=1.143E+00, shape_lambda=2.436E+00, rate_lambda=1.000E-03, p_B95=1.099E-01, p_B96=1.904E-01, p_B99=1.125E-01, p_B02=1.626E-01, p_B20=1.844E-01, Ntot=c(  NA,   NA,   NA,   NA, 1.931E+03,   NA,   NA,   NA,   NA,   NA,   NA, 1.650E+03, 2.366E+03,   NA, 3.100E+03, 6.267E+03, 1.599E+03, 6.660E+02, 1.632E+03,   NA,   NA, 2.917E+03, 7.567E+03, 5.215E+03, 2.720E+03, 5.544E+03, 6.587E+03, 1.055E+03, 3.091E+03, 6.406E+03, 6.373E+03, 1.973E+03, 3.020E+03, 7.850E+03, 7.842E+03, 1.395E+03, 5.786E+03, 7.273E+03,   NA, 2.955E+03, 3.490E+03, 4.033E+03), lambda=c(  NA,   NA,   NA,   NA, 1.409E+03,   NA,   NA,   NA,   NA,   NA,   NA, 1.640E+03, 1.400E+03,   NA, 2.062E+03, 3.200E+03, 1.589E+03, 6.560E+02, 1.622E+03,   NA,   NA, 2.907E+03, 5.500E+02, 2.590E+03, 2.710E+03, 3.261E+03, 1.464E+03, 1.045E+03, 3.081E+03, 2.286E+03, 4.358E+03, 1.963E+03, 1.007E+03, 2.677E+03, 4.793E+03, 1.385E+03, 2.542E+03, 3.950E+03,   NA, 7.780E+02, 3.480E+03, 4.023E+03), logit_pi_B=c(-1.858E+00, -1.996E+00, -1.572E+00, -1.557E+00, -1.348E+00, -1.493E+00, -1.489E+00, -1.704E+00, -1.526E+00, -1.739E+00, -1.428E+00, -1.031E+00, -1.935E+00, -1.330E+00, -1.812E+00, -1.323E+00, -2.075E+00, -1.604E+00, -1.203E+00, -2.094E+00, -1.310E+00, -1.838E+00, -1.500E+00, -1.349E+00, -1.676E+00, -1.683E+00, -1.443E+00, -1.671E+00, -1.581E+00, -1.320E+00, -1.817E+00, -1.726E+00, -1.211E+00, -1.732E+00, -1.312E+00, -1.838E+00, -1.488E+00), logit_pi_Eu=c(1.749E+00, 5.968E-01, 3.893E+00, -1.092E+00, -1.599E+00, -1.075E-01, 3.280E+00, 2.199E+00, 2.724E+00, 3.679E-01, 3.917E-01, 7.472E-01, 1.147E+00, 2.781E+00, 5.599E-01, 1.966E+00, 1.178E-01, 2.082E+00, 1.869E+00, 1.718E+00, 1.339E+00, 3.139E+00, 3.918E-01, 1.951E+00, 2.158E+00, 1.602E+00, 1.846E+00, 1.293E+00, 1.549E+00))
