list(mu_B=2.031E-01, sigmap_B=9.660E-01, logit_int_Eu=1.698E+00, logit_flow_Eu=1.458E+00, sigmap_Eu=1.638E+00, shape_lambda=2.436E+00, rate_lambda=1.000E-03, p_B95=1.756E-01, p_B96=1.765E-01, p_B99=1.979E-01, p_B02=1.042E-01, p_B20=1.831E-01, Ntot=c(  NA,   NA,   NA,   NA, 1.931E+03,   NA,   NA,   NA,   NA,   NA,   NA, 1.650E+03, 2.366E+03,   NA, 3.100E+03, 6.267E+03, 1.599E+03, 6.660E+02, 1.632E+03,   NA,   NA, 2.917E+03, 7.567E+03, 5.215E+03, 2.720E+03, 5.544E+03, 6.587E+03, 1.055E+03, 3.091E+03, 6.406E+03, 6.373E+03, 1.973E+03, 3.020E+03, 7.850E+03, 7.842E+03, 1.395E+03, 5.786E+03, 7.273E+03,   NA, 2.955E+03, 3.490E+03, 4.033E+03), lambda=c(  NA,   NA,   NA,   NA, 1.921E+03,   NA,   NA,   NA,   NA,   NA,   NA, 1.640E+03, 2.000E+03,   NA, 1.364E+03, 3.820E+03, 1.589E+03, 6.560E+02, 1.622E+03,   NA,   NA, 2.790E+02, 6.780E+02, 2.383E+03, 2.598E+03, 1.806E+03, 4.419E+03, 1.045E+03, 2.608E+03, 3.805E+03, 1.569E+03, 1.963E+03, 3.010E+03, 3.377E+03, 3.310E+02, 2.830E+02, 2.627E+03, 5.920E+02,   NA, 2.945E+03, 3.480E+03, 1.857E+03), logit_pi_B=c(8.082E-01, -3.234E-01, -9.387E-01, -2.895E+00, -2.332E+00, 3.392E-01, -3.246E+00, -1.793E+00, -1.439E+00, -3.108E+00, -2.951E+00, -1.811E+00, 2.364E-01, -1.078E+00, -1.057E+00, 3.181E-01, -1.639E+00, -1.430E+00, -2.146E+00, -7.728E-01, -8.078E-01, 4.172E-01, -1.726E+00, 4.741E-01, -1.437E+00, -2.421E+00, -1.028E+00, -1.595E+00, -1.347E+00, -1.977E+00, -1.712E+00, -2.117E+00, -2.249E+00, -3.316E-01, -1.847E+00, -1.916E+00, -1.816E+00), logit_pi_Eu=c(1.964E+00, 8.633E-01, 3.982E+00, -1.711E+00, -7.061E-01, -2.501E-01, 3.559E+00, 2.430E+00, 2.427E+00, 4.445E-01, -8.124E-01, -3.305E-01, 1.185E+00, 3.002E+00, 1.767E+00, 2.757E+00, -8.790E-03, 2.167E+00, 2.404E+00, 3.024E+00, 1.931E+00, 2.956E+00, 1.041E+00, 3.263E+00, 5.245E-01, 4.252E+00, 1.973E+00, 1.026E+00, 1.417E+00))
