list(mu_B=3.684E-01, sigmap_B=7.077E-01, logit_int_Eu=9.364E-01, logit_flow_Eu=7.790E-01, sigmap_Eu=1.171E+00, shape_lambda=2.436E+00, rate_lambda=1.000E-03, p_B95=1.236E-01, p_B96=1.294E-01, p_B99=1.290E-01, p_B02=1.567E-01, p_B20=1.772E-01, Ntot=c(  NA,   NA,   NA,   NA, 1.931E+03,   NA,   NA,   NA,   NA,   NA,   NA, 1.650E+03, 2.366E+03,   NA, 3.100E+03, 6.267E+03, 1.599E+03, 6.660E+02, 1.632E+03,   NA,   NA, 2.917E+03, 7.567E+03, 5.215E+03, 2.720E+03, 5.544E+03, 6.587E+03, 1.055E+03, 3.091E+03, 6.406E+03, 6.373E+03, 1.973E+03, 3.020E+03, 7.850E+03, 7.842E+03, 1.395E+03, 5.786E+03, 7.273E+03,   NA, 2.955E+03, 3.490E+03, 4.033E+03, 2.830E+03), lambda=c(  NA,   NA,   NA,   NA, 1.921E+03,   NA,   NA,   NA,   NA,   NA,   NA, 1.522E+03, 1.219E+03,   NA, 3.090E+03, 3.979E+03, 1.589E+03, 6.560E+02, 1.529E+03,   NA,   NA, 2.907E+03, 1.173E+03, 3.886E+03, 2.710E+03, 1.759E+03, 8.110E+02, 1.045E+03, 2.120E+02, 4.710E+02, 2.546E+03, 2.760E+02, 3.010E+03, 7.570E+02, 1.579E+03, 8.380E+02, 2.237E+03, 2.718E+03,   NA, 2.622E+03, 3.366E+03, 1.336E+03, 2.290E+02), logit_pi_B=c(3.278E+00, -4.799E+00, 1.491E-01, -2.665E+00, -3.428E-01, 2.240E+00, -4.745E-01, -2.613E+00, -5.471E+00, -2.743E+00, 1.473E+00, -3.434E+00, -1.592E+00, -2.532E+00, -3.401E+00, 9.299E-01, 2.409E+00, -3.447E+00, -2.263E+00, -4.480E-01, -3.333E-02, 3.651E-01, 2.126E+00, -3.680E+00, 9.396E-01, 2.941E-01, -6.606E-01, -3.947E+00, -1.398E-01, 7.547E-01, 1.602E+00, 4.120E-01, -1.071E+00, -1.067E+00, -3.714E+00, -5.074E+00, 1.118E+00, -7.256E-01), logit_pi_Eu=c(7.682E-01, 6.149E-01, 2.023E+00, -4.496E-01, -7.256E-01, -3.450E-01, 1.770E+00, 9.844E-01, 1.301E+00, 6.619E-01, -2.470E-01, 3.092E-01, 1.428E+00, 2.630E+00, 6.725E-01, 1.805E+00, 3.427E-01, -9.013E-02, 2.743E-01, 1.187E+00, 2.419E+00, 1.130E+00, 6.744E-01, 1.312E+00, 1.638E+00, 1.391E-01, 1.414E-01, 1.450E+00, 5.180E-01, 1.811E+00))
