list(mu_B=3.810E-01, sigmap_B=1.704E-01, logit_int_Eu=9.246E-01, logit_flow_Eu=1.020E+00, sigmap_Eu=5.211E-01, shape_lambda=2.436E+00, rate_lambda=1.000E-03, p_B95=1.244E-01, p_B96=1.018E-01, p_B99=1.817E-01, p_B02=1.973E-01, p_B20=1.330E-01, Ntot=c(  NA,   NA,   NA,   NA, 1.931E+03,   NA,   NA,   NA,   NA,   NA,   NA, 1.650E+03, 2.366E+03,   NA, 3.100E+03, 6.267E+03, 1.599E+03, 6.660E+02, 1.632E+03,   NA,   NA, 2.917E+03, 7.567E+03, 5.215E+03, 2.720E+03, 5.544E+03, 6.587E+03, 1.055E+03, 3.091E+03, 6.406E+03, 6.373E+03, 1.973E+03, 3.020E+03, 7.850E+03, 7.842E+03, 1.395E+03, 5.786E+03, 7.273E+03,   NA, 2.955E+03, 3.490E+03, 4.033E+03), lambda=c(  NA,   NA,   NA,   NA, 1.921E+03,   NA,   NA,   NA,   NA,   NA,   NA, 1.325E+03, 2.356E+03,   NA, 3.090E+03, 3.363E+03, 1.589E+03, 6.560E+02, 1.622E+03,   NA,   NA, 1.683E+03, 7.386E+03, 2.918E+03, 4.780E+02, 1.361E+03, 1.474E+03, 1.045E+03, 3.081E+03, 2.481E+03, 1.199E+03, 1.963E+03, 3.010E+03, 1.302E+03, 1.481E+03, 1.385E+03, 3.548E+03, 3.160E+03,   NA, 2.414E+03, 2.074E+03, 2.322E+03), logit_pi_B=c(-4.275E+01, -8.739E+00, 3.130E+01, -2.195E+01, -4.282E+01, -8.160E+01, 4.090E-01, -2.263E+01, 3.143E+01, -2.578E+00, 4.531E+01, -3.564E+01, -4.158E+01, -9.683E+00, 2.654E+01, 2.702E+01, -4.879E+01, 1.609E+01, -3.117E+01, -4.939E+01, -6.712E+01, -1.888E+00, 1.438E+00, 1.299E+01, 1.242E+01, -3.991E+01, -4.269E+01, -1.573E+01, -1.473E+01, -1.620E+01, -1.185E+01, -1.580E+01, 2.849E+01, -4.385E+01, 8.448E+01, -5.066E+01, -2.846E+01), logit_pi_Eu=c(-4.040E-01, 5.709E+00, 2.958E+00, -2.005E+00, -8.218E+00, -4.815E+00, 4.611E+00, 4.428E+00, 6.925E+00, -1.824E+00, -3.017E+00, 5.768E+00, -2.368E+00, 2.286E+00, 1.165E+01, 7.819E-01, -2.246E+00, 1.105E+00, 7.564E-01, 5.172E+00, -2.290E-01, 1.786E+00, 4.730E-01, 3.450E-01, 2.648E+00, 1.055E+01, 4.216E+00, -2.775E+00, 6.289E-01))
