list(mu_B=2.416E-01, sigmap_B=2.432E-01, logit_int_Eu=3.251E-01, logit_flow_Eu=9.020E-01, sigmap_Eu=1.914E+00, shape_lambda=2.436E+00, rate_lambda=1.000E-03, p_B95=1.269E-01, p_B96=1.326E-01, p_B99=1.771E-01, p_B02=1.497E-01, p_B20=1.357E-01, Ntot=c(  NA,   NA,   NA,   NA, 1.931E+03,   NA,   NA,   NA,   NA,   NA,   NA, 1.650E+03, 2.366E+03,   NA, 3.100E+03, 6.267E+03, 1.599E+03, 6.660E+02, 1.632E+03,   NA,   NA, 2.917E+03, 7.567E+03, 5.215E+03, 2.720E+03, 5.544E+03, 6.587E+03, 1.055E+03, 3.091E+03, 6.406E+03, 6.373E+03, 1.973E+03, 3.020E+03, 7.850E+03, 7.842E+03, 1.395E+03, 5.786E+03, 7.273E+03,   NA, 2.955E+03, 3.520E+03), lambda=c(  NA,   NA,   NA,   NA, 1.921E+03,   NA,   NA,   NA,   NA,   NA,   NA, 1.640E+03, 2.356E+03,   NA, 1.614E+03, 5.870E+02, 1.589E+03, 6.210E+02, 1.556E+03,   NA,   NA, 7.190E+02, 3.333E+03, 8.900E+02, 2.710E+03, 9.580E+02, 3.598E+03, 6.210E+02, 9.180E+02, 9.030E+02, 4.101E+03, 1.358E+03, 2.272E+03, 2.455E+03, 1.715E+03, 1.385E+03, 2.126E+03, 6.420E+02,   NA, 1.859E+03, 2.279E+03), logit_pi_B=c(-3.259E+01, -8.654E+00, -1.792E+01, 4.766E+01, -6.242E+00, 9.359E+00, 3.225E+01, -1.198E+01, -9.959E+00, 2.555E+01, -1.165E+01, 1.537E-01, 1.505E+01, 2.311E+01, -4.969E+00, 9.576E+00, -2.840E+01, 1.315E+01, 9.384E-01, 2.166E+01, 1.626E+01, 3.382E+00, -1.116E+01, 1.962E+01, -4.228E+00, -1.975E-01, 1.111E+01, 3.120E+01, 6.143E+00, -4.890E+00, -4.266E+00, 1.191E+01, 2.195E+01, -1.295E+01, 5.084E+00, -7.450E+00), logit_pi_Eu=c(8.396E-01, -1.055E-03, 1.859E+00, -1.787E+00, -1.652E+00, -4.573E-01, 1.343E+00, 1.507E+00, 7.585E-01, -3.943E-01, -8.014E-01, -5.253E-01, -2.355E-01, 1.106E+00, -1.186E-01, 6.024E-01, -9.978E-01, 9.029E-01, 7.137E-01, 9.239E-01, 5.881E-01, 5.788E-01, -3.699E-01, 1.030E+00, 2.568E-01, 1.512E+00, 7.037E-01, -1.416E-01))
