list(mu_B=4.843E-01, sigmap_B=9.208E-01, logit_int_Eu=1.340E+00, logit_flow_Eu=2.388E-01, sigmap_Eu=1.359E+00, shape_lambda=2.436E+00, rate_lambda=1.000E-03, p_B95=1.884E-01, p_B96=1.543E-01, p_B99=1.589E-01, p_B02=1.187E-01, p_B20=1.978E-01, Ntot=c(  NA,   NA,   NA,   NA, 1.931E+03,   NA,   NA,   NA,   NA,   NA,   NA, 1.650E+03, 2.366E+03,   NA, 3.100E+03, 6.267E+03, 1.599E+03, 6.660E+02, 1.632E+03,   NA,   NA, 2.917E+03, 7.567E+03, 5.215E+03, 2.720E+03, 5.544E+03, 6.587E+03, 1.055E+03, 3.091E+03, 6.406E+03, 6.373E+03, 1.973E+03, 3.020E+03, 7.850E+03, 7.842E+03, 1.395E+03, 5.786E+03, 7.273E+03,   NA, 2.955E+03, 3.520E+03), lambda=c(  NA,   NA,   NA,   NA, 1.801E+03,   NA,   NA,   NA,   NA,   NA,   NA, 1.640E+03, 7.990E+02,   NA, 1.520E+03, 1.177E+03, 1.589E+03, 6.560E+02, 3.590E+02,   NA,   NA, 4.180E+02, 1.279E+03, 1.713E+03, 2.710E+03, 3.862E+03, 1.774E+03, 1.045E+03, 8.820E+02, 6.000E+02, 1.477E+03, 1.963E+03, 6.990E+02, 2.636E+03, 3.746E+03, 1.385E+03, 1.573E+03, 3.600E+03,   NA, 2.127E+03, 2.691E+03), logit_pi_B=c(-1.212E+00, -6.996E-01, -3.328E-01, -5.611E-01, -3.806E-02, -2.034E-01, -1.620E+00, 1.232E+00, -7.825E-01, -3.654E-01, -1.172E+00, -1.125E-02, 8.170E-02, -1.802E+00, 9.876E-02, 1.704E-01, 7.971E-01, -3.883E+00, 4.322E-01, -1.912E+00, 6.693E-01, -1.451E-01, -3.781E-01, 1.146E+00, -1.194E-01, 3.549E-01, 1.245E-01, 6.312E-01, -1.009E-01, 2.210E+00, 1.939E-01, -8.770E-01, 6.975E-01, 3.957E-01, -5.611E-01, 2.496E+00), logit_pi_Eu=c(5.990E-01, 1.143E+00, 1.940E+00, 6.195E-01, 2.166E+00, 1.725E+00, 2.407E+00, 1.536E+00, 2.146E+00, 1.242E+00, 1.239E+00, 1.115E+00, 1.306E+00, 2.630E+00, 1.298E+00, 6.246E-01, 1.116E+00, 1.330E+00, 1.158E+00, 1.287E+00, 1.170E+00, 6.841E-01, 1.912E+00, 2.148E+00, 9.953E-01, 2.048E+00, 1.916E+00, 1.039E+00))
