list(mu_B=4.253E-01, sigmap_B=1.679E+00, logit_int_Eu=1.519E+00, logit_flow_Eu=1.307E+00, sigmap_Eu=1.944E+00, shape_lambda=2.436E+00, rate_lambda=1.000E-03, p_B95=1.647E-01, p_B96=1.671E-01, p_B99=1.227E-01, p_B02=1.331E-01, p_B20=1.541E-01, Ntot=c(  NA,   NA,   NA,   NA, 1.931E+03,   NA,   NA,   NA,   NA,   NA,   NA, 1.650E+03, 2.366E+03,   NA, 3.100E+03, 6.267E+03, 1.599E+03, 6.660E+02, 1.632E+03,   NA,   NA, 2.917E+03, 7.567E+03, 5.215E+03, 2.720E+03, 5.544E+03, 6.587E+03, 1.055E+03, 3.091E+03, 6.406E+03, 6.373E+03, 1.973E+03, 3.020E+03, 7.850E+03, 7.842E+03, 1.395E+03, 5.786E+03, 7.273E+03,   NA, 2.955E+03), lambda=c(  NA,   NA,   NA,   NA, 1.333E+03,   NA,   NA,   NA,   NA,   NA,   NA, 1.640E+03, 2.356E+03,   NA, 1.739E+03, 2.223E+03, 1.589E+03, 6.560E+02, 9.410E+02,   NA,   NA, 1.379E+03, 6.875E+03, 4.640E+02, 1.504E+03, 4.806E+03, 2.983E+03, 5.640E+02, 1.448E+03, 5.636E+03, 2.073E+03, 1.963E+03, 1.221E+03, 3.370E+03, 5.203E+03, 1.385E+03, 5.120E+03, 1.872E+03,   NA, 3.610E+02), logit_pi_B=c(-1.975E-01, -3.570E-01, -2.923E-01, -4.586E-01, -9.854E-02, -5.816E-01, 1.362E-01, 8.964E-02, -1.785E-01, -1.082E+00, -2.243E-01, 1.889E-01, -6.060E-01, -2.582E-01, -7.664E-01, -6.585E-01, -1.120E-02, 2.383E-01, -2.036E-01, -3.059E-01, -1.806E-01, -5.015E-02, -7.960E-02, -8.849E-01, -2.720E-01, -4.642E-01, 2.013E-01, -3.872E-01, 1.959E-01, 1.232E-01, -5.455E-01, -3.968E-02, 2.868E-01, 6.610E-02, 1.591E-02), logit_pi_Eu=c(1.843E+00, 8.163E-01, 3.726E+00, -1.138E+00, -1.266E+00, -2.646E-01, 2.555E+00, 3.300E+00, 2.298E+00, 2.017E-02, 3.873E-01, 6.070E-01, 8.747E-01, 2.798E+00, 1.319E+00, 2.255E+00, 2.863E-01, 2.385E+00, 2.342E+00, 2.992E+00, 2.064E+00, 2.260E+00, 1.086E+00, 2.982E+00, 1.477E+00, 2.879E+00, 1.585E+00))
