list(mu_B=1.497E-01, sigmap_B=1.295E+00, logit_int_Eu=1.490E+00, logit_flow_Eu=1.602E+00, sigmap_Eu=1.299E+00, shape_lambda=2.436E+00, rate_lambda=1.000E-03, p_B95=1.110E-01, p_B96=1.666E-01, p_B99=1.088E-01, p_B02=1.832E-01, p_B20=1.675E-01, Ntot=c(  NA,   NA,   NA,   NA, 1.931E+03,   NA,   NA,   NA,   NA,   NA,   NA, 1.650E+03, 2.366E+03,   NA, 3.100E+03, 6.267E+03, 1.599E+03, 6.660E+02, 1.632E+03,   NA,   NA, 2.917E+03, 7.567E+03, 5.215E+03, 2.720E+03, 5.544E+03, 6.587E+03, 1.055E+03, 3.091E+03, 6.406E+03, 6.373E+03, 1.973E+03, 3.020E+03, 7.850E+03, 7.842E+03, 1.395E+03, 5.786E+03, 7.273E+03,   NA, 2.955E+03, 3.520E+03), lambda=c(  NA,   NA,   NA,   NA, 1.314E+03,   NA,   NA,   NA,   NA,   NA,   NA, 1.386E+03, 2.356E+03,   NA, 5.610E+02, 6.257E+03, 7.360E+02, 6.560E+02, 1.622E+03,   NA,   NA, 1.656E+03, 3.109E+03, 2.150E+03, 1.984E+03, 1.118E+03, 3.738E+03, 1.045E+03, 2.846E+03, 1.911E+03, 3.515E+03, 1.346E+03, 3.010E+03, 3.741E+03, 1.268E+03, 1.385E+03, 8.120E+02, 6.743E+03,   NA, 2.945E+03, 1.216E+03), logit_pi_B=c(-1.937E+00, -1.054E+00, -9.855E-01, -2.037E+00, -1.370E+00, -1.903E+00, -8.009E-01, -1.266E+00, -1.380E+00, -6.285E-01, -1.889E+00, -5.758E-01, -2.277E+00, -2.036E+00, -2.314E+00, -1.773E+00, -1.759E+00, -1.248E+00, -1.277E+00, -1.428E+00, -1.270E+00, -1.433E+00, -2.280E+00, -1.729E+00, -1.098E+00, -2.130E+00, -7.107E-01, -1.913E+00, -1.822E+00, -1.893E+00, -7.809E-01, -3.074E+00, -1.740E+00, -1.397E+00, 1.059E-01, -2.122E+00), logit_pi_Eu=c(1.885E+00, 5.690E-01, 4.138E+00, -5.540E-01, -9.387E-01, -8.688E-01, 3.447E+00, 3.517E+00, 2.251E+00, -9.806E-01, 9.456E-01, -7.275E-01, 6.192E-01, 4.374E+00, 2.012E+00, 1.795E+00, -1.617E-01, 1.796E+00, 2.242E+00, 3.916E+00, 2.196E+00, 1.532E+00, 2.389E-01, 4.146E+00, 1.091E+00, 2.582E+00, 3.239E+00, 7.282E-01))
