list(mu_B=2.814E-01, sigmap_B=1.886E-02, logit_int_Eu=4.181E-01, logit_flow_Eu=6.465E-02, sigmap_Eu=1.260E+00, shape_lambda=2.436E+00, rate_lambda=1.000E-03, p_B95=1.746E-01, p_B96=1.610E-01, p_B99=1.978E-01, p_B02=1.042E-01, p_B20=1.110E-01, Ntot=c(  NA,   NA,   NA,   NA, 1.931E+03,   NA,   NA,   NA,   NA,   NA,   NA, 1.650E+03, 2.366E+03,   NA, 3.100E+03, 6.267E+03, 1.599E+03, 6.660E+02, 1.632E+03,   NA,   NA, 2.917E+03, 7.567E+03, 5.215E+03, 2.720E+03, 5.544E+03, 6.587E+03, 1.055E+03, 3.091E+03, 6.406E+03, 6.373E+03, 1.973E+03, 3.020E+03, 7.850E+03, 7.842E+03, 1.395E+03, 5.786E+03, 7.273E+03,   NA, 2.955E+03, 3.490E+03, 4.033E+03, 2.830E+03), lambda=c(  NA,   NA,   NA,   NA, 1.173E+03,   NA,   NA,   NA,   NA,   NA,   NA, 9.440E+02, 1.281E+03,   NA, 3.090E+03, 2.514E+03, 1.589E+03, 6.560E+02, 1.622E+03,   NA,   NA, 2.094E+03, 2.101E+03, 2.230E+03, 2.710E+03, 2.920E+03, 1.531E+03, 1.045E+03, 1.320E+03, 2.778E+03, 2.884E+03, 1.963E+03, 3.010E+03, 2.691E+03, 7.832E+03, 1.385E+03, 2.497E+03, 4.300E+03,   NA, 9.540E+02, 3.480E+03, 2.071E+03, 1.402E+03), logit_pi_B=c(  NA,   NA,   NA,   NA, -4.606E-01,   NA,   NA,   NA,   NA,   NA,   NA, -6.525E-01, -4.150E-01,   NA, -4.288E+00, -3.478E-01, 1.251E-03, -2.750E+00, -1.650E+00,   NA,   NA, -1.018E+00, 2.861E-01, -3.863E-01, -4.270E-01, -4.074E-01, -7.211E-01, -8.450E-01, -5.443E-01, -9.173E-01, -8.279E-01, -1.020E+00, -1.812E+00, -1.095E+00, -2.249E-01, -8.627E-01, -2.257E+00, -1.217E+00,   NA, -1.901E+00, -2.157E+00, -1.653E+00, -2.213E+00), logit_pi_Eu=c(-9.444E-02, 5.737E-01, 7.880E-01, 2.055E+00, 4.374E-01, 2.462E-01, -2.026E-02, -2.374E-01, 3.100E-01, 4.554E-01, 8.262E-01, -2.628E-01, -1.468E-01, 2.176E-01, 7.704E-02, 6.431E-01, 8.967E-01, 3.872E-02, 3.643E-01, 5.046E-01, 1.040E+00, 1.088E+00, 4.231E-01, 9.613E-01, 1.255E+00, 4.644E-01, 3.357E-01, 1.012E+00, 8.611E-01, -3.281E-01))
