list(mu_B=4.889E-01, sigmap_B=6.708E-01, logit_int_Eu=1.426E+00, logit_flow_Eu=3.004E-01, sigmap_Eu=6.664E-01, shape_lambda=2.436E+00, rate_lambda=1.000E-03, p_B95=1.503E-01, p_B96=1.361E-01, p_B99=1.817E-01, p_B02=1.061E-01, p_B20=1.051E-01, Ntot=c(  NA,   NA,   NA,   NA, 1.931E+03,   NA,   NA,   NA,   NA,   NA,   NA, 1.650E+03, 2.366E+03,   NA, 3.100E+03, 6.267E+03, 1.599E+03, 6.660E+02, 1.632E+03,   NA,   NA, 2.917E+03, 7.567E+03, 5.215E+03, 2.720E+03, 5.544E+03, 6.587E+03, 1.055E+03, 3.091E+03, 6.406E+03, 6.373E+03, 1.973E+03, 3.020E+03, 7.850E+03, 7.842E+03, 1.395E+03, 5.786E+03, 7.273E+03,   NA, 2.955E+03, 3.520E+03), lambda=c(  NA,   NA,   NA,   NA, 1.677E+03,   NA,   NA,   NA,   NA,   NA,   NA, 1.640E+03, 2.356E+03,   NA, 3.210E+02, 2.074E+03, 1.355E+03, 6.560E+02, 1.196E+03,   NA,   NA, 2.231E+03, 3.375E+03, 2.218E+03, 1.040E+03, 2.166E+03, 6.001E+03, 1.045E+03, 1.880E+03, 3.760E+02, 3.055E+03, 1.664E+03, 6.060E+02, 1.797E+03, 3.391E+03, 1.385E+03, 1.323E+03, 1.302E+03,   NA, 2.374E+03, 1.019E+03), logit_pi_B=c(-3.790E+00, 1.818E+00, 3.453E-01, -3.193E-01, 8.594E-01, 6.674E+00, 2.755E+00, -6.170E-01, 3.550E+00, -2.622E+00, 3.396E+00, -3.388E+00, -2.548E+00, 3.774E+00, 1.894E+00, 2.569E+00, -7.663E-01, 2.647E+00, -3.417E+00, 3.274E+00, 6.125E-01, -1.969E+00, -1.324E+00, -1.364E+00, 8.056E-01, -1.577E+00, 1.317E+00, -6.665E-01, 2.428E-01, -4.670E-01, -8.010E-01, -2.619E+00, -7.003E-01, 2.289E+00, 7.038E-01, -2.257E+00), logit_pi_Eu=c(3.037E-01, 2.344E+00, -2.385E+00, -2.233E+00, 3.043E+00, 1.315E+00, -1.899E+00, 2.133E+00, -2.039E+00, -1.029E+00, -1.256E+00, 1.353E-01, 1.267E+00, 3.546E+00, 4.405E+00, 6.402E+00, -7.415E-02, 1.714E+00, 1.145E+00, 2.094E+00, 3.784E+00, 2.468E+00, 3.109E-01, 1.957E+00, -2.491E+00, -6.381E-01, 1.766E+00, 2.706E+00))
