list(mu_B=3.047E-01, sigmap_B=5.910E-01, logit_int_Eu=6.583E-02, logit_flow_Eu=8.206E-02, sigmap_Eu=1.593E+00, shape_lambda=2.436E+00, rate_lambda=1.000E-03, p_B95=1.023E-01, p_B96=1.257E-01, p_B99=1.711E-01, p_B02=1.432E-01, p_B20=1.472E-01, Ntot=c(  NA,   NA,   NA,   NA, 1.931E+03,   NA,   NA,   NA,   NA,   NA,   NA, 1.650E+03, 2.366E+03,   NA, 3.100E+03, 6.267E+03, 1.599E+03, 6.660E+02, 1.632E+03,   NA,   NA, 2.917E+03, 7.567E+03, 5.215E+03, 2.720E+03, 5.544E+03, 6.587E+03, 1.055E+03, 3.091E+03, 6.406E+03, 6.373E+03, 1.973E+03, 3.020E+03, 7.850E+03, 7.842E+03, 1.395E+03, 5.786E+03, 7.273E+03,   NA, 2.955E+03, 3.490E+03, 4.033E+03, 2.830E+03), lambda=c(  NA,   NA,   NA,   NA, 1.409E+03,   NA,   NA,   NA,   NA,   NA,   NA, 1.640E+03, 1.844E+03,   NA, 3.090E+03, 1.357E+03, 1.589E+03, 6.560E+02, 1.622E+03,   NA,   NA, 2.907E+03, 1.666E+03, 1.998E+03, 2.710E+03, 1.586E+03, 1.441E+03, 1.045E+03, 2.559E+03, 2.163E+03, 1.732E+03, 1.963E+03, 2.449E+03, 5.614E+03, 8.590E+02, 1.385E+03, 1.236E+03, 6.430E+02,   NA, 1.426E+03, 7.010E+02, 3.001E+03, 2.820E+03), logit_pi_B=c(-2.505E+00, -6.641E-01, -1.105E+00, -4.252E-01, -2.549E-01, -1.892E+00, -1.753E+00, -1.027E-01, 2.515E-01, -3.261E+00, 7.318E-01, -2.502E+00, -4.988E-01, 8.368E-01, 3.112E-01, -2.210E+00, -1.297E+00, -9.331E-01, -3.293E+00, 6.800E-01, -3.421E+00, -6.206E+00, 1.624E+00, -6.458E+00, -3.633E+00, 5.305E+00, 3.137E+00, 9.650E-01, -2.559E+00, -2.642E+00, -1.690E+00, 3.196E-01, 5.785E-01, -1.583E+00, -4.928E+00, -1.209E+00, -1.329E+00, -3.329E-02), logit_pi_Eu=c(2.657E-01, -2.285E-01, 3.065E-01, 8.773E-02, -1.073E-01, -5.331E-01, 1.231E-01, 1.531E-01, 1.338E+00, -5.910E-01, -7.442E-01, 4.575E-01, -8.221E-01, 3.011E-02, -6.006E-01, 1.336E-01, 2.147E-01, -1.215E-01, -1.757E-01, 1.920E-01, 6.644E-01, 1.609E-01, -3.900E-01, 2.852E-01, -1.409E-01, 3.215E-01, -1.139E-01, 1.223E-02, -2.169E-01, -2.687E-01))
