list(mu_B=3.802E-01, sigmap_B=5.362E-01, logit_int_Eu=1.381E+00, logit_flow_Eu=6.909E-01, sigmap_Eu=1.359E+00, shape_lambda=2.436E+00, rate_lambda=1.000E-03, p_B95=1.755E-01, p_B96=1.287E-01, p_B99=1.472E-01, p_B02=1.439E-01, p_B20=1.966E-01, Ntot=c(  NA,   NA,   NA,   NA, 1.931E+03,   NA,   NA,   NA,   NA,   NA,   NA, 1.650E+03, 2.366E+03,   NA, 3.332E+03, 6.267E+03, 1.599E+03, 6.660E+02, 1.632E+03,   NA,   NA, 2.917E+03, 7.567E+03, 5.215E+03, 2.720E+03, 5.544E+03, 6.587E+03, 1.055E+03, 3.091E+03, 6.406E+03, 6.373E+03, 1.973E+03, 3.020E+03, 7.850E+03, 7.842E+03, 1.395E+03, 5.786E+03, 7.273E+03,   NA, 2.955E+03, 3.490E+03, 4.033E+03, 2.830E+03), lambda=c(  NA,   NA,   NA,   NA, 1.921E+03,   NA,   NA,   NA,   NA,   NA,   NA, 1.185E+03, 2.356E+03,   NA, 7.320E+02, 2.524E+03, 1.589E+03, 6.560E+02, 1.622E+03,   NA,   NA, 9.530E+02, 2.822E+03, 9.320E+02, 2.710E+03, 2.975E+03, 1.728E+03, 1.045E+03, 1.594E+03, 3.824E+03, 2.122E+03, 1.598E+03, 7.270E+02, 3.576E+03, 7.780E+02, 5.510E+02, 4.700E+02, 2.240E+03,   NA, 2.945E+03, 1.582E+03, 1.006E+03, 6.500E+02), logit_pi_B=c(  NA,   NA,   NA,   NA, -4.606E-01,   NA,   NA,   NA,   NA,   NA,   NA, -6.525E-01, -4.150E-01,   NA, -4.337E+00, -3.478E-01, 1.251E-03, -2.750E+00, -1.650E+00,   NA,   NA, -1.018E+00, 2.861E-01, -3.863E-01, -4.270E-01, -4.074E-01, -7.211E-01, -8.450E-01, -5.443E-01, -9.173E-01, -8.279E-01, -1.020E+00, -1.812E+00, -1.095E+00, -2.249E-01, -8.627E-01, -2.257E+00, -1.217E+00,   NA, -1.901E+00, -2.157E+00, -1.653E+00, -2.213E+00), logit_pi_Eu=c(1.531E+00, 2.285E+00, 1.945E-01, 1.802E+00, 1.368E+00, 8.441E-01, 1.093E+00, 2.048E+00, 1.387E+00, 1.035E+00, 2.926E-01, 9.370E-01, 2.040E+00, 2.232E+00, 6.459E-01, 3.961E-01, 7.438E-01, 1.618E+00, 3.103E+00, 3.717E+00, 2.417E+00, 1.660E+00, -1.535E-01, -3.009E-02, 1.620E+00, 1.153E+00, 1.803E+00, 2.012E-01, 1.241E+00, -1.237E-01, 1.727E+00, 1.917E+00, 2.060E+00, 9.833E-01, 1.183E+00, 1.015E-01, 2.694E+00, 1.828E-01, 1.413E+00, 9.049E-01, 6.939E-01, 1.084E+00, 2.305E+00))
