list(mu_B=2.643E-01, sigmap_B=1.380E+00, logit_int_Eu=1.893E+00, logit_flow_Eu=1.008E-01, sigmap_Eu=9.989E-01, shape_lambda=2.436E+00, rate_lambda=1.000E-03, p_B95=1.036E-01, p_B96=1.838E-01, p_B99=1.724E-01, p_B02=1.023E-01, p_B20=1.960E-01, Ntot=c(  NA,   NA,   NA,   NA, 1.931E+03,   NA,   NA,   NA,   NA,   NA,   NA, 1.650E+03, 2.366E+03,   NA, 3.100E+03, 6.267E+03, 1.599E+03, 6.660E+02, 1.632E+03,   NA,   NA, 2.917E+03, 7.567E+03, 5.215E+03, 2.720E+03, 5.544E+03, 6.587E+03, 1.055E+03, 3.091E+03, 6.406E+03, 6.373E+03, 1.973E+03, 3.020E+03, 7.850E+03, 7.842E+03, 1.395E+03, 5.786E+03, 7.273E+03,   NA, 2.955E+03, 3.490E+03, 4.033E+03), lambda=c(  NA,   NA,   NA,   NA, 1.505E+03,   NA,   NA,   NA,   NA,   NA,   NA, 1.640E+03, 1.773E+03,   NA, 1.173E+03, 1.010E+03, 1.010E+03, 6.560E+02, 1.622E+03,   NA,   NA, 2.907E+03, 6.220E+02, 1.528E+03, 5.120E+02, 1.462E+03, 1.661E+03, 1.045E+03, 2.337E+03, 1.976E+03, 3.402E+03, 1.103E+03, 2.670E+02, 2.281E+03, 1.382E+03, 6.950E+02, 3.090E+03, 2.684E+03,   NA, 1.439E+03, 3.480E+03, 4.023E+03), logit_pi_B=c(-2.814E-01, -1.403E+00, -1.522E+00, -1.060E+00, -1.011E+00, -7.340E-01, -1.059E+00, -1.552E+00, -5.330E-01, -6.186E-01, -1.596E+00, -6.618E-01, -1.393E+00, -6.893E-01, -8.376E-01, -2.814E-01, -1.922E+00, -1.913E+00, -1.176E+00, -9.363E-01, -3.138E-01, -1.023E+00, -3.920E-01, -1.455E+00, -9.994E-01, -7.593E-01, -8.711E-01, -1.654E+00, -1.123E+00, -5.813E-01, -1.169E+00, -1.394E+00, -2.142E-01, -8.586E-01, -1.347E+00, -1.287E+00, -6.174E-01), logit_pi_Eu=c(8.320E-01, 1.484E+00, 3.569E-01, 3.760E-01, 2.539E+00, 6.089E-01, 2.145E+00, 1.601E+00, 1.635E+00, 2.011E+00, 2.404E+00, 2.539E+00, 1.531E-02, 2.264E+00, 1.599E+00, 1.186E+00, 8.162E-01, 2.656E+00, 1.588E+00, 2.311E+00, 4.963E-01, 2.159E+00, 2.059E-01, 1.705E+00, 2.071E+00, 2.267E+00, 3.070E+00, 2.414E+00, 1.496E+00))
