list(mu_B=1.418E-01, sigmap_B=1.850E+00, logit_int_Eu=1.494E-01, logit_flow_Eu=1.353E+00, sigmap_Eu=1.080E+00, shape_lambda=2.436E+00, rate_lambda=1.000E-03, p_B95=1.195E-01, p_B96=1.860E-01, p_B99=1.708E-01, p_B02=1.152E-01, p_B20=1.350E-01, Ntot=c(  NA,   NA,   NA,   NA, 1.931E+03,   NA,   NA,   NA,   NA,   NA,   NA, 1.650E+03, 2.366E+03,   NA, 3.100E+03, 6.267E+03, 1.599E+03, 6.660E+02, 1.632E+03,   NA,   NA, 2.917E+03, 7.567E+03, 5.215E+03, 2.720E+03, 5.544E+03, 6.587E+03, 1.055E+03, 3.091E+03, 6.406E+03, 6.373E+03, 1.973E+03, 3.020E+03, 7.850E+03, 7.842E+03, 1.395E+03, 5.786E+03, 7.273E+03,   NA, 2.955E+03, 3.520E+03), lambda=c(  NA,   NA,   NA,   NA, 1.921E+03,   NA,   NA,   NA,   NA,   NA,   NA, 1.640E+03, 8.250E+02,   NA, 1.933E+03, 3.680E+03, 2.300E+02, 6.560E+02, 1.622E+03,   NA,   NA, 1.909E+03, 1.828E+03, 1.584E+03, 2.710E+03, 3.859E+03, 3.757E+03, 1.045E+03, 2.279E+03, 2.420E+03, 6.363E+03, 1.963E+03, 1.581E+03, 3.029E+03, 2.342E+03, 1.385E+03, 2.052E+03, 3.892E+03,   NA, 7.450E+02, 3.510E+03), logit_pi_B=c(-1.979E+00, -2.070E+00, -1.425E+00, -2.351E+00, -1.422E+00, -1.621E+00, -2.264E+00, -1.702E+00, -1.227E+00, -1.572E+00, -1.675E+00, -2.142E+00, -1.600E+00, -1.798E+00, -2.171E+00, -1.702E+00, -2.139E+00, -1.726E+00, -1.771E+00, -2.101E+00, -1.375E+00, -2.058E+00, -1.437E+00, -1.892E+00, -1.552E+00, -1.693E+00, -1.728E+00, -1.880E+00, -1.673E+00, -1.397E+00, -2.250E+00, -2.402E+00, -2.024E+00, -1.563E+00, -2.273E+00, -2.029E+00), logit_pi_Eu=c(5.815E-01, 8.017E-01, 1.053E+00, -3.054E+00, -1.490E+00, -7.887E-01, 8.776E-01, 1.924E+00, -2.040E+00, -7.566E-01, -4.215E-01, -8.675E-01, -1.683E+00, 1.274E+00, 3.103E-02, 8.837E-01, -2.139E+00, 1.251E+00, 1.691E+00, 3.386E-01, 6.990E-01, 1.847E-01, -1.136E+00, 1.146E+00, -6.222E-01, 7.605E-01, -2.914E-01, -1.263E+00))
