list(mu_B=1.928E-01, sigmap_B=3.517E-01, logit_int_Eu=1.789E+00, logit_flow_Eu=1.587E+00, sigmap_Eu=1.276E+00, shape_lambda=2.436E+00, rate_lambda=1.000E-03, p_B95=1.711E-01, p_B96=1.264E-01, p_B99=1.103E-01, p_B02=1.855E-01, p_B20=1.773E-01, Ntot=c(  NA,   NA,   NA,   NA, 1.931E+03,   NA,   NA,   NA,   NA,   NA,   NA, 1.650E+03, 2.366E+03,   NA, 3.100E+03, 6.267E+03, 1.599E+03, 6.660E+02, 1.632E+03,   NA,   NA, 2.917E+03, 7.567E+03, 5.215E+03, 2.720E+03, 5.544E+03, 6.587E+03, 1.055E+03, 3.091E+03, 6.406E+03, 6.373E+03, 1.973E+03, 3.020E+03, 7.850E+03, 7.842E+03, 1.395E+03, 5.786E+03, 7.273E+03,   NA, 2.955E+03, 3.520E+03), lambda=c(  NA,   NA,   NA,   NA, 1.921E+03,   NA,   NA,   NA,   NA,   NA,   NA, 1.640E+03, 1.926E+03,   NA, 2.236E+03, 3.139E+03, 1.589E+03, 6.560E+02, 1.037E+03,   NA,   NA, 9.550E+02, 9.930E+02, 1.946E+03, 5.360E+02, 1.468E+03, 1.710E+03, 1.045E+03, 3.081E+03, 1.009E+03, 1.206E+03, 1.052E+03, 3.010E+03, 4.710E+03, 2.114E+03, 1.385E+03, 2.925E+03, 5.980E+02,   NA, 2.945E+03, 3.510E+03), logit_pi_B=c(8.835E+00, -5.545E+00, -3.533E+00, -8.260E+00, -6.433E+00, 1.083E+00, -1.692E+00, -1.860E+01, -9.972E+00, 3.189E+00, -1.455E+01, -6.154E+00, -1.345E+00, 7.074E+00, -1.255E+01, -6.494E+00, 1.301E+01, -1.179E+01, 1.755E+00, 2.733E+00, -1.116E+01, 1.426E+00, -3.903E+00, 6.344E+00, 6.115E+00, 1.160E+01, 1.624E+01, 7.890E+00, 7.232E+00, 1.188E+01, -6.770E+00, 4.581E+00, 1.747E+00, 3.258E-01, -8.811E+00, 5.872E+00), logit_pi_Eu=c(2.174E+00, 1.609E+00, 5.008E+00, -1.733E+00, -1.532E+00, -9.948E-01, 3.857E+00, 4.004E+00, 2.549E+00, 8.199E-01, -2.800E-01, 1.561E-01, 2.268E-01, 3.454E+00, 1.790E+00, 1.886E+00, -4.947E-01, 2.068E+00, 3.285E+00, 3.659E+00, 2.414E+00, 2.223E+00, 9.045E-01, 3.456E+00, 1.198E+00, 4.115E+00, 1.348E+00, 1.468E+00))
