list(mu_B=4.495E-01, sigmap_B=2.066E-01, logit_int_Eu=5.428E-01, logit_flow_Eu=4.003E-01, sigmap_Eu=1.371E+00, shape_lambda=2.436E+00, rate_lambda=1.000E-03, p_B95=1.480E-01, p_B96=1.462E-01, p_B99=1.953E-01, p_B02=1.378E-01, p_B20=1.041E-01, Ntot=c(  NA,   NA,   NA,   NA, 1.931E+03,   NA,   NA,   NA,   NA,   NA,   NA, 1.650E+03, 2.366E+03,   NA, 3.100E+03, 6.267E+03, 1.599E+03, 6.660E+02, 1.632E+03,   NA,   NA, 2.917E+03, 7.567E+03, 5.215E+03, 2.720E+03, 5.544E+03, 6.587E+03, 1.055E+03, 3.091E+03, 6.406E+03, 6.373E+03, 1.973E+03, 3.020E+03, 7.850E+03, 7.842E+03, 1.395E+03, 5.786E+03, 7.273E+03,   NA, 2.955E+03, 3.490E+03, 4.033E+03), lambda=c(  NA,   NA,   NA,   NA, 1.921E+03,   NA,   NA,   NA,   NA,   NA,   NA, 1.640E+03, 2.356E+03,   NA, 3.090E+03, 2.363E+03, 1.438E+03, 6.560E+02, 1.622E+03,   NA,   NA, 9.360E+02, 2.350E+03, 5.690E+02, 2.543E+03, 1.440E+03, 2.134E+03, 1.045E+03, 2.729E+03, 2.060E+02, 9.400E+02, 1.963E+03, 3.010E+03, 3.006E+03, 2.302E+03, 1.385E+03, 2.820E+03, 2.941E+03,   NA, 2.945E+03, 3.480E+03, 4.023E+03), logit_pi_B=c(2.809E+01, -9.361E+00, 4.486E+01, -4.993E+01, -2.257E+01, 1.613E+01, 4.128E+01, -2.284E+01, -1.361E+01, -9.122E+00, -4.349E+01, -8.110E+00, 5.173E+00, 1.610E+01, -1.349E+01, -2.754E+01, 7.257E+00, -1.081E+00, 4.727E+00, -2.558E+01, -2.966E+01, -2.197E+01, 1.105E+00, -1.150E+00, -1.811E+01, -1.828E+01, -1.072E+01, -4.523E+00, -2.512E+00, -2.581E+01, 9.547E-01, -3.808E+00, -2.314E+01, 8.353E+00, 1.287E+01, -2.814E+01, 3.404E+01), logit_pi_Eu=c(2.707E-01, 3.346E-01, 1.321E+00, -4.690E-01, 6.529E-01, -7.045E-01, 7.055E-01, 7.935E-01, 7.120E-01, -1.149E-01, 6.683E-01, 1.205E-01, 4.763E-01, 5.505E-01, 4.306E-01, 9.522E-01, 3.105E-01, 2.118E+00, -3.521E-02, 1.839E+00, -3.010E-02, 9.646E-01, -6.032E-01, 8.416E-01, 5.445E-01, 8.139E-01, 1.411E-01, 1.049E+00, -3.491E-01))
