list(mu_B=1.088E-01, sigmap_B=1.861E+00, logit_int_Eu=1.212E+00, logit_flow_Eu=1.191E+00, sigmap_Eu=1.945E+00, shape_lambda=2.436E+00, rate_lambda=1.000E-03, p_B95=1.693E-01, p_B96=1.571E-01, p_B99=1.733E-01, p_B02=1.171E-01, p_B20=1.325E-01, Ntot=c(  NA,   NA,   NA,   NA, 1.931E+03,   NA,   NA,   NA,   NA,   NA,   NA, 1.650E+03, 2.366E+03,   NA, 3.332E+03, 6.267E+03, 1.599E+03, 6.660E+02, 1.632E+03,   NA,   NA, 2.917E+03, 7.567E+03, 5.215E+03, 2.720E+03, 5.544E+03, 6.587E+03, 1.055E+03, 3.091E+03, 6.406E+03, 6.373E+03, 1.973E+03, 3.020E+03, 7.850E+03, 7.842E+03, 1.395E+03, 5.786E+03, 7.273E+03,   NA, 2.955E+03, 3.490E+03, 4.033E+03, 2.830E+03), lambda=c(  NA,   NA,   NA,   NA, 1.921E+03,   NA,   NA,   NA,   NA,   NA,   NA, 1.640E+03, 2.356E+03,   NA, 2.633E+03, 1.835E+03, 1.527E+03, 6.560E+02, 1.622E+03,   NA,   NA, 2.395E+03, 5.929E+03, 2.209E+03, 2.710E+03, 1.119E+03, 3.046E+03, 1.043E+03, 3.081E+03, 2.072E+03, 2.142E+03, 1.963E+03, 1.560E+02, 4.650E+02, 7.832E+03, 2.140E+02, 9.270E+02, 1.271E+03,   NA, 2.807E+03, 2.166E+03, 2.803E+03, 2.820E+03), logit_pi_B=c(  NA,   NA,   NA,   NA, -4.606E-01,   NA,   NA,   NA,   NA,   NA,   NA, -6.525E-01, -4.150E-01,   NA, -4.337E+00, -3.478E-01, 1.251E-03, -2.750E+00, -1.650E+00,   NA,   NA, -1.018E+00, 2.861E-01, -3.863E-01, -4.270E-01, -4.074E-01, -7.211E-01, -8.450E-01, -5.443E-01, -9.173E-01, -8.279E-01, -1.020E+00, -1.812E+00, -1.095E+00, -2.249E-01, -8.627E-01, -2.257E+00, -1.217E+00,   NA, -1.901E+00, -2.157E+00, -1.653E+00, -2.213E+00), logit_pi_Eu=c(1.298E+00, 2.089E+00, 1.193E+00, 1.668E+00, 1.551E+00, 1.482E+00, 2.454E+00, 1.627E+00, -1.018E-01, -3.091E-01, -7.792E-01, 5.926E-01, 2.817E+00, 2.662E+00, -1.408E+00, -1.661E+00, -8.072E-01, 2.034E+00, 2.310E+00, 4.811E+00, 2.960E+00, 1.490E+00, 2.550E-01, -3.323E-02, 1.742E-01, 6.283E-01, 2.660E+00, 1.088E+00, 1.411E+00, 1.870E-01, 1.213E+00, 2.139E+00, 2.240E+00, 1.654E+00, 2.017E+00, -2.072E-02, 1.572E+00, 1.266E+00, 2.298E+00, 1.209E+00, 9.122E-01, 9.842E-01, 2.025E+00))
