list(mu_B=1.087E-01, sigmap_B=4.131E-02, logit_int_Eu=1.891E+00, logit_flow_Eu=1.797E+00, sigmap_Eu=1.275E+00, shape_lambda=2.436E+00, rate_lambda=1.000E-03, p_B95=1.589E-01, p_B96=1.300E-01, p_B99=1.618E-01, p_B02=1.902E-01, p_B20=1.399E-01, Ntot=c(  NA,   NA,   NA,   NA, 1.931E+03,   NA,   NA,   NA,   NA,   NA,   NA, 1.650E+03, 2.366E+03,   NA, 3.100E+03, 6.267E+03, 1.599E+03, 6.660E+02, 1.632E+03,   NA,   NA, 2.917E+03, 7.567E+03, 5.215E+03, 2.720E+03, 5.544E+03, 6.587E+03, 1.055E+03, 3.091E+03, 6.406E+03, 6.373E+03, 1.973E+03, 3.020E+03, 7.850E+03, 7.842E+03, 1.395E+03, 5.786E+03, 7.273E+03,   NA, 2.955E+03, 3.490E+03, 4.033E+03, 2.830E+03), lambda=c(  NA,   NA,   NA,   NA, 1.828E+03,   NA,   NA,   NA,   NA,   NA,   NA, 1.386E+03, 3.090E+02,   NA, 2.459E+03, 2.158E+03, 1.589E+03, 6.560E+02, 1.370E+03,   NA,   NA, 8.350E+02, 5.103E+03, 3.729E+03, 2.950E+02, 9.730E+02, 1.512E+03, 1.045E+03, 7.350E+02, 1.096E+03, 8.660E+02, 1.963E+03, 5.940E+02, 6.470E+02, 4.405E+03, 1.385E+03, 2.261E+03, 1.462E+03,   NA, 2.945E+03, 2.993E+03, 4.023E+03, 5.030E+02), logit_pi_B=c(  NA,   NA,   NA,   NA, -4.606E-01,   NA,   NA,   NA,   NA,   NA,   NA, -6.525E-01, -4.150E-01,   NA, -4.288E+00, -3.478E-01, 1.251E-03, -2.750E+00, -1.650E+00,   NA,   NA, -1.018E+00, 2.861E-01, -3.863E-01, -4.270E-01, -4.074E-01, -7.211E-01, -8.450E-01, -5.443E-01, -9.173E-01, -8.279E-01, -1.020E+00, -1.812E+00, -1.095E+00, -2.249E-01, -8.627E-01, -2.257E+00, -1.217E+00,   NA, -1.901E+00, -2.157E+00, -1.653E+00, -2.213E+00), logit_pi_Eu=c(1.809E+00, 1.351E+00, 4.246E+00, -1.834E+00, -2.006E+00, -6.165E-01, 4.193E+00, 3.475E+00, 2.811E+00, 1.366E-01, -8.947E-01, -6.235E-01, 1.025E-01, 4.524E+00, 1.471E+00, 2.301E+00, -7.393E-02, 3.417E+00, 4.082E+00, 3.855E+00, 2.208E+00, 2.901E+00, 3.865E-01, 4.726E+00, 4.730E-01, 4.398E+00, 4.071E+00, 8.191E-01, 9.910E-01, 3.037E+00))
