list(logit_int=c(9.509E-01, 1.015E+00), logit_flow=c(9.235E-01, 9.766E-01), sigmap=c(5.524E-01, 6.124E-01), rho=6.122E-01, l_ML_dim=1.283E-02, junk=-1.123E+00, rate_lambda=1.574E-04, shape_lambda=1.148E+00, Ntot=c(6.326E+03, 1.874E+03, 9.968E+03, 4.820E+03, 2.516E+03, 3.120E+03, 1.221E+04, 1.220E+03, 1.012E+04, 7.828E+03, 1.076E+04, 7.129E+03, 7.538E+03, 1.067E+04, 1.384E+04, 1.056E+04, 9.116E+03, 8.424E+03, 9.150E+03, 1.035E+04, 6.675E+03, 9.766E+03, 6.336E+03, 4.868E+03, 5.079E+03), lambda=c(6.326E+03, 1.874E+03, 9.968E+03, 4.820E+03, 2.516E+03, 3.120E+03, 1.221E+04, 1.220E+03, 1.012E+04, 7.828E+03, 1.076E+04, 7.129E+03, 7.538E+03, 1.067E+04, 1.384E+04, 1.056E+04, 9.116E+03, 8.424E+03, 9.150E+03, 1.035E+04, 6.675E+03, 9.766E+03, 6.336E+03, 4.868E+03, 5.079E+03), logit_pi= structure(.Data= c(-2.267E+00,   NA, -1.522E+00,   NA, -1.308E+00, -4.013E-03, -1.808E+00, -1.405E+00, -1.067E+00, -1.651E+00, -1.826E+00, -1.345E+00, -1.760E+00, -2.169E+00, -1.056E+00, -4.708E-01, -1.136E+00, 1.897E-02, -1.276E+00, 1.515E-01, -1.027E+00, -6.524E-01, -1.743E+00, -1.440E+00, -1.638E+00, -6.983E-01, -2.032E+00, -1.663E+00, -1.920E+00, -1.468E+00, -2.299E+00, -6.428E-01, -2.649E+00, -1.397E+00, -2.425E+00, -1.988E+00, -2.450E+00, -3.104E+00, -2.246E+00, -1.213E+00, -2.306E+00, -1.257E+00, -1.967E+00, -7.174E-01, -2.193E+00, -1.311E+00, -2.781E+00, -1.002E+00, -2.074E+00, -5.664E-01), .Dim=c(25, 2)))
