list(logit_int=c(1.040E+00, 1.045E+00), logit_flow=c(9.515E-01, 9.042E-01), sigmap=c(7.682E-01, 5.646E-01), rho=3.806E-01, l1=2.780E-01, l2=5.393E-01, rate_lambda=1.574E-04, shape_lambda=1.761E+00, N=c(6.326E+03, 1.874E+03, 9.968E+03, 4.820E+03, 2.516E+03, 3.120E+03, 1.221E+04, 1.220E+03, 1.012E+04, 7.828E+03, 1.076E+04, 7.129E+03, 7.538E+03, 1.067E+04, 1.384E+04, 1.056E+04, 9.116E+03, 8.424E+03, 9.150E+03, 1.035E+04, 6.675E+03, 9.766E+03, 6.336E+03, 4.868E+03, 5.079E+03, 7.315E+03, 6.829E+03, 7.342E+03, 6.050E+03, 1.656E+03), lambda=c(6.326E+03, 1.874E+03, 9.968E+03, 4.820E+03, 2.516E+03, 3.120E+03, 1.221E+04, 1.220E+03, 1.012E+04, 7.828E+03, 1.076E+04, 7.129E+03, 7.538E+03, 1.067E+04, 1.384E+04, 1.056E+04, 9.116E+03, 8.424E+03, 9.150E+03, 1.035E+04, 6.675E+03, 9.766E+03, 6.336E+03, 4.868E+03, 5.079E+03, 7.315E+03, 6.829E+03, 7.342E+03, 6.050E+03, 1.656E+03), logit_pi= structure(.Data= c(-2.267E+00,   NA, -1.522E+00,   NA, -1.308E+00, -4.013E-03, -1.808E+00, -1.405E+00, -1.067E+00, -1.651E+00, -1.826E+00, -1.345E+00, -1.760E+00, -2.169E+00, -1.056E+00, -4.708E-01, -1.136E+00, 1.897E-02, -1.276E+00, 1.515E-01, -1.027E+00, -6.524E-01, -1.743E+00, -1.440E+00, -1.638E+00, -6.983E-01, -2.032E+00, -1.663E+00, -1.920E+00, -1.468E+00, -2.299E+00, -6.428E-01, -2.649E+00, -1.397E+00, -2.425E+00, -1.988E+00, -2.450E+00, -3.104E+00, -2.246E+00, -1.213E+00, -2.306E+00, -1.257E+00, -1.967E+00, -7.174E-01, -2.193E+00, -1.311E+00, -2.781E+00, -1.002E+00, -2.074E+00, -5.664E-01, -2.074E+00, -5.664E-01, -2.490E+00, -1.043E+00, -2.138E+00, -6.891E-01, -2.664E+00, -2.115E+00, -2.086E+00, -1.368E+00), .Dim=c(30, 2)), Cm_MP=c(  NA,   NA,   NA,   NA,   NA,   NA,   NA,   NA,   NA,   NA,   NA,   NA,   NA,   NA,   NA,   NA,   NA,   NA,   NA,   NA,   NA,   NA,   NA,   NA,   NA, 0.000E+00,   NA,   NA,   NA,   NA), p_smp= structure(.Data= c(1.000E-01, 1.000E-01, 1.000E-01, 1.000E-01, 1.000E-01, 1.000E-01, 1.000E-01, 1.000E-01, 1.000E-01, 1.000E-01, 1.000E-01, 1.000E-01, 1.000E-01, 1.000E-01, 1.000E-01, 1.000E-01, 1.000E-01, 1.000E-01, 1.000E-01, 1.000E-01, 1.000E-01, 1.000E-01, 1.000E-01, 1.000E-01, 1.000E-01, 1.000E-01, 1.000E-01, 1.000E-01, 1.000E-01, 1.000E-01, 1.000E-01, 1.000E-01, 1.000E-01, 1.000E-01, 1.000E-01, 1.000E-01, 1.000E-01, 1.000E-01, 1.000E-01, 1.000E-01, 1.000E-01, 1.000E-01, 1.000E-01, 1.000E-01, 1.000E-01, 1.000E-01, 1.000E-01, 1.000E-01, 1.000E-01, 1.000E-01, 1.000E-01, 1.000E-01, 1.000E-01, 1.000E-01, 1.000E-01, 1.000E-01, 1.000E-01, 1.000E-01, 1.000E-01, 1.000E-01), .Dim=c(30, 2)), p_male= structure(.Data= c(5.000E-01, 5.000E-01, 5.000E-01, 5.000E-01, 5.000E-01, 5.000E-01, 5.000E-01, 5.000E-01, 5.000E-01, 5.000E-01, 5.000E-01, 5.000E-01, 5.000E-01, 5.000E-01, 5.000E-01, 5.000E-01, 5.000E-01, 5.000E-01, 5.000E-01, 5.000E-01, 5.000E-01, 5.000E-01, 5.000E-01, 5.000E-01, 5.000E-01, 5.000E-01, 5.000E-01, 5.000E-01, 5.000E-01, 5.000E-01, 5.000E-01, 5.000E-01, 5.000E-01, 5.000E-01, 5.000E-01, 5.000E-01, 5.000E-01, 5.000E-01, 5.000E-01, 5.000E-01, 5.000E-01, 5.000E-01, 5.000E-01, 5.000E-01, 5.000E-01, 5.000E-01, 5.000E-01, 5.000E-01, 5.000E-01, 5.000E-01, 5.000E-01, 5.000E-01, 5.000E-01, 5.000E-01, 5.000E-01, 5.000E-01, 5.000E-01, 5.000E-01, 5.000E-01, 5.000E-01), .Dim=c(30, 2)), N1=c(3.163E+03, 9.370E+02, 4.984E+03, 2.410E+03, 1.258E+03, 1.560E+03, 6.106E+03, 6.100E+02, 5.061E+03, 3.914E+03, 5.379E+03, 3.565E+03, 3.769E+03, 5.335E+03, 6.921E+03, 5.279E+03, 4.558E+03, 4.212E+03, 4.575E+03, 5.177E+03, 3.338E+03, 4.883E+03, 3.168E+03, 2.434E+03, 2.540E+03, 3.658E+03, 3.415E+03, 3.671E+03, 3.025E+03, 8.280E+02), Nc= structure(.Data= c(3.163E+03, 3.163E+03, 9.370E+02, 9.370E+02, 4.984E+03, 4.984E+03, 2.410E+03, 2.410E+03, 1.258E+03, 1.258E+03, 1.560E+03, 1.560E+03, 6.105E+03, 6.106E+03, 6.100E+02, 6.100E+02, 5.061E+03, 5.061E+03, 3.914E+03, 3.914E+03, 5.379E+03, 5.379E+03, 3.564E+03, 3.565E+03, 3.769E+03, 3.769E+03, 5.334E+03, 5.335E+03, 6.920E+03, 6.921E+03, 5.278E+03, 5.279E+03, 4.558E+03, 4.558E+03, 4.212E+03, 4.212E+03, 4.575E+03, 4.575E+03, 5.177E+03, 5.177E+03, 3.337E+03, 3.338E+03, 4.883E+03, 4.883E+03, 3.168E+03, 3.168E+03, 2.434E+03, 2.434E+03, 2.539E+03, 2.540E+03, 3.657E+03, 3.658E+03, 3.414E+03, 3.415E+03, 3.671E+03, 3.671E+03, 3.025E+03, 3.025E+03, 8.280E+02, 8.280E+02), .Dim=c(30, 2)), n_1_M=c(1.582E+03, 4.690E+02, 2.492E+03, 1.205E+03, 6.290E+02, 7.800E+02, 3.053E+03, 3.050E+02, 2.531E+03, 1.957E+03, 2.690E+03, 1.783E+03, 1.885E+03, 2.668E+03, 3.461E+03, 2.640E+03, 2.279E+03, 2.106E+03, 2.288E+03, 2.589E+03, 1.669E+03, 2.442E+03, 1.584E+03, 1.217E+03, 1.270E+03, 1.829E+03, 1.708E+03, 1.836E+03, 1.513E+03, 4.140E+02), n_2_M=c(1.582E+03, 4.690E+02, 2.492E+03, 1.205E+03, 6.290E+02, 7.800E+02, 3.053E+03, 3.050E+02, 2.531E+03, 1.957E+03, 2.690E+03, 1.782E+03, 1.885E+03, 2.667E+03, 3.460E+03, 2.639E+03, 2.279E+03, 2.106E+03, 2.288E+03, 2.589E+03, 1.669E+03, 2.442E+03, 1.584E+03, 1.217E+03, 1.270E+03, 1.829E+03, 1.707E+03, 1.836E+03, 1.513E+03, 4.140E+02), n_sex_smp= structure(.Data= c(1.580E+02, 1.580E+02, 1.580E+02, 1.580E+02, 4.600E+01, 4.600E+01, 4.600E+01, 4.600E+01, 2.490E+02, 2.490E+02, 2.490E+02, 2.490E+02, 1.200E+02, 1.200E+02, 1.200E+02, 1.200E+02, 6.200E+01, 6.200E+01, 6.200E+01, 6.200E+01, 7.800E+01, 7.800E+01, 7.800E+01, 7.800E+01, 3.050E+02, 3.050E+02, 3.050E+02, 3.050E+02, 3.000E+01, 3.000E+01, 3.000E+01, 3.000E+01, 2.530E+02, 2.530E+02, 2.530E+02, 2.530E+02, 1.950E+02, 1.950E+02, 1.950E+02, 1.950E+02, 2.690E+02, 2.680E+02, 2.690E+02, 2.680E+02, 1.780E+02, 1.780E+02, 1.780E+02, 1.780E+02, 1.880E+02, 1.880E+02, 1.880E+02, 1.880E+02, 2.660E+02, 2.660E+02, 2.660E+02, 2.660E+02, 3.460E+02, 3.460E+02, 3.460E+02, 3.460E+02, 2.640E+02, 2.630E+02, 2.630E+02, 2.630E+02, 2.270E+02, 2.270E+02, 2.270E+02, 2.270E+02, 2.100E+02, 2.100E+02, 2.100E+02, 2.100E+02, 2.280E+02, 2.280E+02, 2.280E+02, 2.280E+02, 2.580E+02, 2.580E+02, 2.580E+02, 2.580E+02, 1.660E+02, 1.660E+02, 1.660E+02, 1.660E+02, 2.440E+02, 2.440E+02, 2.440E+02, 2.440E+02, 1.580E+02, 1.580E+02, 1.580E+02, 1.580E+02, 1.210E+02, 1.210E+02, 1.210E+02, 1.210E+02, 1.270E+02, 1.270E+02, 1.270E+02, 1.260E+02, 1.820E+02, 1.820E+02, 1.820E+02, 1.820E+02, 1.700E+02, 1.700E+02, 1.700E+02, 1.700E+02, 1.830E+02, 1.830E+02, 1.830E+02, 1.830E+02, 1.510E+02, 1.510E+02, 1.510E+02, 1.510E+02, 4.100E+01, 4.100E+01, 4.100E+01, 4.100E+01), .Dim=c(30, 4)))
