list(logit_int=c(9.143E-01, 1.023E+00), logit_flow=c(1.064E+00, 9.417E-01), sigmap=c(6.805E-01, 7.883E-01), rho=3.004E-01, l1=4.369E-01, l2=8.142E-01, rate_lambda=1.574E-04, shape_lambda=1.625E+00, N=c(6.326E+03, 1.874E+03, 9.968E+03, 4.820E+03, 2.516E+03, 3.120E+03, 1.221E+04, 1.220E+03, 1.012E+04, 7.828E+03, 1.076E+04, 7.129E+03, 7.538E+03, 1.067E+04, 1.384E+04, 1.056E+04, 9.116E+03, 8.424E+03, 9.150E+03, 1.035E+04, 6.675E+03, 9.766E+03, 6.336E+03, 4.868E+03, 5.079E+03, 7.572E+03, 6.826E+03, 7.359E+03), lambda=c(6.326E+03, 1.874E+03, 9.968E+03, 4.820E+03, 2.516E+03, 3.120E+03, 1.221E+04, 1.220E+03, 1.012E+04, 7.828E+03, 1.076E+04, 7.129E+03, 7.538E+03, 1.067E+04, 1.384E+04, 1.056E+04, 9.116E+03, 8.424E+03, 9.150E+03, 1.035E+04, 6.675E+03, 9.766E+03, 6.336E+03, 4.868E+03, 5.079E+03, 7.572E+03, 6.826E+03, 7.359E+03), logit_pi= structure(.Data= c(-2.267E+00,   NA, -1.522E+00,   NA, -1.308E+00, -4.013E-03, -1.808E+00, -1.405E+00, -1.067E+00, -1.651E+00, -1.826E+00, -1.345E+00, -1.760E+00, -2.169E+00, -1.056E+00, -4.708E-01, -1.136E+00, 1.897E-02, -1.276E+00, 1.515E-01, -1.027E+00, -6.524E-01, -1.743E+00, -1.440E+00, -1.638E+00, -6.983E-01, -2.032E+00, -1.663E+00, -1.920E+00, -1.468E+00, -2.299E+00, -6.428E-01, -2.649E+00, -1.397E+00, -2.425E+00, -1.988E+00, -2.450E+00, -3.104E+00, -2.246E+00, -1.213E+00, -2.306E+00, -1.257E+00, -1.967E+00, -7.174E-01, -2.193E+00, -1.311E+00, -2.781E+00, -1.002E+00, -2.074E+00, -5.664E-01, -2.074E+00, -5.664E-01, -2.489E+00, -1.039E+00, -2.141E+00, -6.950E-01), .Dim=c(28, 2)), Cm_MP=c(  NA,   NA,   NA,   NA,   NA,   NA,   NA,   NA,   NA,   NA,   NA,   NA,   NA,   NA,   NA,   NA,   NA,   NA,   NA,   NA,   NA,   NA,   NA,   NA,   NA, 0.000E+00,   NA,   NA))
