list(cauchy=1.186E+00, coef_PC=2.475E-01, int_width=-9.147E-01, mu_ydOir=c(2.413E+00, 1.601E+00, 1.850E+00, 3.417E-01), mup_rem=2.587E-01, rate_lcpu=8.969E-01, sigma_dOir=1.393E-01, sigma_gryrOir=8.301E-01, sigma_yOir=2.066E+00, width_coef=5.258E-01, gryr_Oir=c(-1.298E-01, 1.637E-02, 2.526E-01, 8.966E-01, 3.022E-01, 1.504E+00, -1.428E-01, 2.355E-01, -1.446E-01, -2.262E-01, 6.637E-01, -5.177E-01, -3.298E-01, 5.845E-02, 5.107E-01, -2.002E-01, 2.487E-02, 3.021E-02, 1.385E+00, -2.883E-01, -2.296E-01, -7.038E-01, 9.194E-01, 1.540E-01, 3.883E-02, -6.082E-01, 1.077E+00, 1.511E-01, 5.018E-01, 6.993E-01, 4.313E-01, -2.312E-01, -3.050E-01, -8.535E-01, -2.306E-01, -9.858E-03, -4.576E-01, -5.050E-01, -1.667E-01, 9.740E-01, 5.308E-01, 1.494E-01, 1.238E-01, 6.745E-01, 5.153E-01, -8.702E-01, -5.682E-01, 3.900E-02, 2.355E-01, -5.425E-01, 7.768E-01, 4.221E-02, 6.644E-01, 2.903E-01, 1.756E-01, -1.587E+00, 4.387E-01, 1.437E-01, 5.985E-01, 7.657E-01, -1.137E+00, -2.553E-01, -4.024E-01, -2.474E-01, -1.031E+00, -2.987E-01, -1.285E+00, 6.400E-01, -8.259E-02, -1.748E-01, -7.158E-01, -3.847E-01, -4.441E-01, -1.954E-01, 3.928E-01, 3.944E-01, 9.694E-01, 7.450E-01, 1.703E-01, 7.648E-01, 4.249E-03, -1.005E+00, -1.462E-01, -1.975E-01, 7.982E-02, 8.493E-02, -8.039E-01, 1.311E+00, -1.850E-01, -8.486E-01, 6.923E-01, 7.365E-01, 2.290E-01, -4.039E-01, 3.886E-01, 7.127E-02, -5.078E-01, 7.831E-01, -3.529E-01, 3.044E-01, -4.606E-01, 4.809E-01, -2.534E-01, 1.223E-01, -8.178E-01, -3.118E-01, -3.884E-01, -8.325E-01, 1.014E-01, 5.259E-01, 3.366E-01, -8.746E-01, -5.806E-02, -5.526E-01, 3.628E-01, -1.191E+00, 3.248E-01, 4.051E-01, -3.380E-01, 1.443E+00, 7.985E-01, -1.511E-01, -1.932E-01, 1.473E+00, 5.760E-01, 1.362E+00, -5.415E-01, -1.010E-01, -2.307E+00, -4.308E-01, -5.851E-01, 6.737E-02, 1.958E-01, -2.516E-01, -1.611E-01, 5.608E-02, 7.739E-02, -5.180E-01, 9.029E-03, -7.465E-02, 5.252E-01, 1.059E+00, 4.036E-03, -3.639E-02, -1.848E-01, -7.279E-01, -7.196E-02, 7.742E-01, -1.248E+00, 5.982E-01, -7.945E-02, -2.893E-01, 1.599E+00, -3.919E-01, 1.951E-01, -1.620E-01, -2.637E-01, -2.463E-01, 6.160E-01, 7.334E-02, 9.026E-01, 2.910E-01, 4.642E-01, 4.517E-01, 1.254E+00, 6.227E-01, -5.818E-01, -8.311E-02, -6.786E-01, 2.275E-01, -2.677E-01, 9.616E-01, 3.453E-01, -4.083E-01, 4.005E-02, 2.814E-01, -3.123E-01, 6.951E-02, 4.800E-01, -9.202E-03, -6.649E-01, 6.939E-01, 8.668E-01, 1.003E-01, 2.158E-01, -9.689E-02, -4.444E-02, -1.672E-01, 2.729E-01, 6.016E-01, 4.919E-01, -1.143E-01, 1.449E-02, 9.774E-01, -5.083E-01, -2.350E-01, -7.678E-02, -2.664E-01, -3.023E-01, 5.480E-01, 5.405E-01, -1.022E-01, -2.688E-01, 6.887E-01, 1.757E-01, -2.644E-01, -5.818E-01, -3.362E-01, -1.000E+00, -1.394E-01, -5.719E-01, 7.955E-01, 9.777E-01, 8.937E-01, -2.660E-01, -4.383E-01, -1.349E-01, 8.377E-03, 3.426E-01, 7.155E-01, 1.370E+00, 1.321E+00, 1.791E+00, 9.424E-01, 3.984E-01, 8.932E-01, -3.855E-01, -5.935E-01, 4.963E-01, -5.441E-01, 1.393E-01, -3.723E-01, -3.332E-01, -3.887E-01, -4.363E-01, 1.370E+00, 1.321E+00, 1.791E+00, 9.424E-01, 3.984E-01, 8.932E-01, -3.855E-01, -5.935E-01, 4.963E-01, -5.441E-01, 1.393E-01, -3.723E-01, -3.332E-01, -3.887E-01, -4.363E-01, 9.026E-01, 2.910E-01, 4.642E-01, 4.517E-01, 1.254E+00, 6.227E-01, -5.818E-01, -8.311E-02, -6.786E-01, 2.275E-01, -2.677E-01, 9.616E-01, 3.453E-01, -4.083E-01, 4.005E-02, 2.814E-01, -3.123E-01, 6.951E-02, 4.800E-01, -9.202E-03, -6.649E-01, 6.939E-01, 8.668E-01, 1.003E-01, 2.158E-01, -9.689E-02, -4.444E-02, -1.672E-01, 2.729E-01, 6.016E-01, 4.919E-01, -1.143E-01, 1.449E-02, 9.774E-01, -5.083E-01, -2.350E-01, -7.678E-02, -2.664E-01, -3.023E-01, 5.480E-01, 5.405E-01, -1.022E-01, -2.688E-01, 6.887E-01, 1.757E-01, -2.644E-01, -5.818E-01, -3.362E-01, -1.000E+00, -1.394E-01, 6.923E-01, 7.365E-01, 2.290E-01, -4.039E-01, 3.886E-01, 7.127E-02, -5.078E-01, 7.831E-01, -3.529E-01, 3.044E-01, -4.606E-01, 4.809E-01, -2.534E-01, 1.223E-01, -8.178E-01, -3.118E-01, -3.884E-01, -8.325E-01, 1.014E-01, 5.259E-01, 3.366E-01, -8.746E-01, -5.806E-02, -5.526E-01, 3.628E-01, -1.191E+00, 3.248E-01, 4.051E-01, -3.380E-01, 1.443E+00, 7.985E-01, -1.511E-01, -1.932E-01, 1.473E+00, 5.760E-01, 1.362E+00, -5.415E-01, -1.010E-01, -2.307E+00, -4.308E-01, -5.851E-01, 6.737E-02, 1.958E-01, -2.516E-01, -1.611E-01, 5.608E-02, 7.739E-02, -5.180E-01, 9.029E-03, -7.465E-02, 5.252E-01, 1.059E+00, 4.036E-03, -3.639E-02, -1.848E-01, -7.279E-01, -7.196E-02, 7.742E-01, -1.248E+00, 5.982E-01, 3.241E-01, 3.248E-01, 4.051E-01, -3.380E-01, 0.000E+00, 0.000E+00, 0.000E+00, 0.000E+00, 0.000E+00, 0.000E+00, 0.000E+00, 0.000E+00, 0.000E+00, 0.000E+00, 0.000E+00, 0.000E+00, 0.000E+00, 0.000E+00, 0.000E+00, 0.000E+00, 0.000E+00, 0.000E+00, 0.000E+00, 0.000E+00, 0.000E+00, 0.000E+00, 0.000E+00, 0.000E+00, 0.000E+00, 0.000E+00, 0.000E+00, 0.000E+00, 0.000E+00, 0.000E+00, 0.000E+00, 0.000E+00, 0.000E+00, 0.000E+00, 0.000E+00, 0.000E+00, 0.000E+00, 0.000E+00, 0.000E+00, 0.000E+00, 0.000E+00, 0.000E+00, 0.000E+00, 0.000E+00, 0.000E+00, 0.000E+00, 0.000E+00, 0.000E+00, 0.000E+00, 0.000E+00, 0.000E+00, 0.000E+00, 0.000E+00, 0.000E+00, 0.000E+00, 0.000E+00, 0.000E+00, 0.000E+00, 0.000E+00, 0.000E+00, 0.000E+00, 0.000E+00, 0.000E+00, 0.000E+00, 0.000E+00, 0.000E+00, 0.000E+00, 0.000E+00, 0.000E+00, 0.000E+00, 0.000E+00, 0.000E+00, 0.000E+00, 0.000E+00, 0.000E+00, 0.000E+00, 0.000E+00, 0.000E+00, 0.000E+00, 0.000E+00, 0.000E+00, 0.000E+00, 0.000E+00, 0.000E+00, 0.000E+00, 0.000E+00, 0.000E+00, 0.000E+00, 0.000E+00, 0.000E+00, 0.000E+00, 0.000E+00, 0.000E+00, 0.000E+00, 0.000E+00, 0.000E+00, 0.000E+00, 0.000E+00, 0.000E+00, 0.000E+00, 0.000E+00, 0.000E+00, 0.000E+00, 0.000E+00, 0.000E+00, 0.000E+00, 0.000E+00, 0.000E+00, 0.000E+00, 0.000E+00, 0.000E+00, 0.000E+00, 0.000E+00, 0.000E+00, 0.000E+00, 0.000E+00, 0.000E+00),